1 -0.02222222 1.57390678
2 -0.02222222 1.57390678
3 -0.02222222 1.57390678
4 -0.02222222 1.57390678
5 -0.02222222 1.57390678
6 -0.02222222 1.57390678
7 -0.02222222 1.57390678
8 -0.02222222 1.57390678
9 -0.02222222 1.57390678
10 -0.02222222 1.57390678
11 -0.02222222 1.57390678
12 -0.03947368 1.40584798
13 0.00896861 1.53924935
14 0.04000000 1.56216425
15 0.05957447 1.53473453
16 0.07659574 1.50869457
17 0.05785124 1.51231471
18 0.02459016 1.48774481
19 0.01224490 1.46119655
20 0.06827309 1.44221961
21 0.06400000 1.40134187
22 0.02723735 1.45614181
23 -0.01960784 1.45929273
24 -0.02008032 1.44370100
25 0.02118644 1.47733813
26 0.02978723 1.48610586
27 0.07627119 1.47118004
28 0.09745763 1.38803163
29 0.07883817 1.38969732
30 0.08606557 1.38063119
31 0.07630522 1.35829323
32 0.05200000 1.31461357
33 0.02788845 1.29430256
34 0.00000000 1.15470054
35 -0.04743083 1.10451963
36 -0.06938776 1.10849996
37 -0.07377049 1.10120049
38 -0.07983193 1.05439245
39 -0.07949791 1.05218768
40 -0.08474576 1.05649981
41 -0.11304348 1.05122276
42 -0.11353712 1.04093420
43 -0.08810573 0.95527850
44 -0.06113537 0.92987479
45 -0.03797468 0.94925981
46 -0.01687764 0.94763866
47 0.00000000 0.94824030
48 -0.03305785 0.91944313
49 -0.03292181 0.91754394
50 -0.02448980 0.96634570
51 -0.04115226 1.01148054
52 -0.02542373 1.01865046
53 -0.01716738 1.02117945
54 0.00869565 1.04480961
55 0.03587444 1.11846300
56 0.04932735 1.11593172
57 0.07111111 1.11975408
58 0.08444444 1.12081674
59 0.13333333 1.19522861
60 0.14096916 1.19639759
61 0.19565217 1.27144599
62 0.23376623 1.33086540
63 0.29870130 1.58853174
64 0.35864979 1.73756449
65 0.36051502 1.76131409
66 0.35714286 1.77605974
67 0.33928571 1.74907315
68 0.32589286 1.76056684
69 0.35000000 1.76476162
70 0.36936937 1.77681360
71 0.40186916 1.79388535
72 0.40845070 1.76371284
73 0.37442922 1.74168642
74 0.34666667 1.85520503
75 0.28888889 1.94823893
76 0.25777778 1.90751438
77 0.26106195 1.90157519
78 0.25991189 1.89510921
79 0.24137931 1.87773784
80 0.19396552 1.83079898
81 0.19658120 1.81429382
82 0.19831224 1.83617062
83 0.21120690 1.91445952
84 0.15283843 1.73160844
85 0.15981735 1.62746833
86 0.17727273 1.65808709
87 0.17808219 1.65907954
88 0.18099548 1.66618806
89 0.19026549 1.62045067
90 0.21145374 1.63730058
91 0.22907489 1.65375425
92 0.22077922 1.64414675
93 0.21008403 1.62456849
94 0.27868852 1.91705490
95 0.28991597 1.81530739
96 0.33760684 1.73121935
97 0.34763948 1.73558248
98 0.37391304 1.77050492
99 0.37117904 1.77389672
100 0.42410714 1.81758947
101 0.43859649 1.80325251
102 0.46460177 1.85258596
103 0.44642857 1.78101239
104 0.39912281 1.66947171
105 0.39826840 1.64628608
106 0.36016949 1.58769952
107 0.36929461 1.54398400
108 0.35887097 1.52583751
109 0.37051793 1.50803426
110 0.35059761 1.51148591
111 0.31906615 1.46820013
112 0.30158730 1.44635738
113 0.29317269 1.41364091
114 0.30705394 1.42781594
115 0.24782609 0.98209720
116 0.25438596 0.98277144
117 0.23809524 0.95985679
118 0.21794872 0.95361210
119 0.19831224 0.89650764
120 0.17991632 0.90112814
121 0.14462810 0.82476708
122 0.12033195 0.83043757
123 0.10569106 0.73193072
124 0.08000000 0.68371769
125 0.08032129 0.66718467
126 0.07755102 0.65763651
127 0.06666667 0.64338713
128 0.02521008 0.57312799
129 0.02978723 0.56535100
130 0.00862069 0.53445266
131 0.00432900 0.51497434
132 0.02183406 0.51678336
133 0.02155172 0.50492056
134 0.01687764 0.51227512
135 0.02500000 0.51687021
136 0.03673469 0.51481888
137 0.04743083 0.53240555
138 0.05078125 0.53262150
139 0.06274510 0.53608408
140 0.06563707 0.53513807
141 0.06792453 0.51041189
142 0.07490637 0.50747004
143 0.07894737 0.48890368
144 0.07003891 0.47078433
145 0.07317073 0.48941000
146 0.06504065 0.45606726
147 0.05668016 0.43805964
148 0.03968254 0.41679471
149 0.05138340 0.41942901
150 0.04651163 0.44739567
151 0.03448276 0.46694447
152 0.03461538 0.48406444
153 0.03007519 0.47487595
154 0.02583026 0.45873896
155 0.02602230 0.45226562
156 0.01498127 0.45031349
157 0.00380228 0.45815844
158 -0.00389105 0.43748263
159 -0.00393701 0.44006855
160 -0.01195219 0.43342424
161 -0.02380952 0.42743161
162 -0.01600000 0.42951359
163 -0.02822581 0.42589472
164 -0.02390438 0.41883922
165 -0.01550388 0.40395893
166 -0.01486989 0.38604636
167 -0.01845018 0.37960871
168 -0.01083032 0.37574809
169 -0.00359712 0.36546001
170 -0.00354610 0.35290585
171 -0.00699301 0.32436721
172 0.00346021 0.29460744
173 -0.00352113 0.28506077
174 -0.01107011 0.29165422
175 -0.02255639 0.30009220
176 -0.01886792 0.29455707
177 -0.01886792 0.29455707
178 -0.01845018 0.27827344
179 -0.01444043 0.28195897
180 -0.02135231 0.30397301
181 -0.02097902 0.30130783
182 -0.01760563 0.29669541
183 -0.01398601 0.31312828
184 -0.02027027 0.42736234
185 -0.02405498 0.44268622
186 -0.02482270 0.47284345
187 -0.02545455 0.47114482
188 -0.02941176 0.47740344
189 -0.02230483 0.49575124
190 0.02264151 0.89159406
191 0.01908397 0.89465116
192 0.02734375 0.90056321
193 0.02352941 0.90462248
194 0.03474903 0.89070841
195 0.03759398 0.87658010
196 0.04868914 0.87222609
197 0.04797048 0.87002849
198 0.05090909 0.86135031
199 0.05555556 0.86691923
200 0.04850746 0.86628356
201 0.05090909 0.84423176
202 0.03985507 0.85399935
203 0.03636364 0.85784564
204 0.02255639 0.86845050
205 0.03137255 0.82707391
206 0.04280156 0.82568433
207 0.03831418 0.80769582
208 0.03448276 0.81024606
209 0.04104478 0.80854173
210 0.02985075 0.79737677
211 -0.01851852 0.33896523
212 -0.01503759 0.34717104
213 -0.02197802 0.35286710
214 -0.01086957 0.43887207
215 -0.02181818 0.44339883
216 -0.02564103 0.44893875
217 -0.02930403 0.44459817
218 -0.02583026 0.44229698
219 -0.02631579 0.44643574
220 -0.01498127 0.48255303
221 -0.00373134 0.50834338
222 0.00760456 0.52416706
223 0.05303030 0.79747123
224 0.05681818 0.79482099
225 0.07407407 0.82371567
226 0.07692308 0.82110179
227 0.06474820 0.80798035
228 0.06785714 0.80702719
229 0.07042254 0.80324331
230 0.05000000 0.81934496
231 0.05226481 0.81980730
232 0.05964912 0.81790260
233 0.05633803 0.81743067
234 0.06617647 0.83025987
235 0.06153846 0.80302369
236 0.06513410 0.79877965
237 0.06976744 0.80064222
238 0.05725191 0.80263269
239 0.04166667 0.80997035
240 0.04135338 0.81157920
241 0.02592593 0.78749171
242 0.02255639 0.78635693
243 -0.00361011 0.77318368
244 -0.04379562 0.49715105
245 -0.04411765 0.49896790
246 -0.05166052 0.42720779
247 -0.05223881 0.42075666
248 -0.05447471 0.42955898
249 -0.06349206 0.44176451
250 -0.06425703 0.43520429
251 -0.04365079 0.39174673
252 -0.04858300 0.36856679
253 -0.05220884 0.34966162
254 -0.05118110 0.34626548
255 -0.04961832 0.34103158
256 -0.04444444 0.34201821
257 -0.04044118 0.34659731
258 -0.03260870 0.38473850
259 -0.02173913 0.37108963
260 0.00727273 0.42711669
261 0.02797203 0.59758644
262 0.03533569 0.60037412
263 0.03533569 0.60037412
264 0.04477612 0.61034369
265 0.05283019 0.60696830
266 0.05303030 0.60811238
267 0.05019305 0.61109728
268 0.04961832 0.60759863
269 0.05514706 0.59571903
270 0.06405694 0.57584402
271 0.08540925 0.67599181
272 0.07581227 0.69524248
273 0.12195122 1.07210613
274 0.12068966 1.06659868
275 0.12237762 1.07396100
276 0.12318841 1.09513236
277 0.11808118 1.10591240
278 0.11940299 1.10866371
279 0.10861423 1.09656022
280 0.10984848 1.10617760
281 0.09363296 1.07371041
282 0.06976744 0.99560158
283 0.05747126 0.99641266
284 0.04905660 0.98157701
285 0.05617978 0.97363226
286 0.05555556 0.96820584
287 0.05454545 0.95935999
288 0.06451613 0.96118690
289 0.08303249 1.00917934
290 0.07971014 1.00949380
291 0.11469534 1.13848591
292 0.09318996 1.08219245
293 0.10394265 1.07285953
294 0.05703422 0.68835595
295 0.05468750 0.70079612
296 0.05447471 0.69943435
297 0.05769231 0.69230357
298 0.06390977 0.68381155
299 0.06716418 0.68365356
300 0.06691450 0.68238918
301 0.06617647 0.67863773
302 0.06741573 0.68492499
303 0.06834532 0.66826312
304 0.07636364 0.66011601
305 0.07407407 0.66934612
306 0.07434944 0.67057842
307 0.07547170 0.66994619
308 0.08045977 0.69975365
309 0.08045977 0.69975365
310 0.04562738 0.67522253
311 0.04651163 0.68172892
312 0.00398406 0.38468697
313 -0.00395257 0.40333947
314 -0.00781250 0.42465384
315 -0.00769231 0.42136300
316 -0.01132075 0.43067089
317 -0.01838235 0.45012540
318 -0.02536232 0.46249310
319 -0.02962963 0.46339206
320 -0.03284672 0.45575032
321 -0.01766784 0.47232510
322 0.00000000 0.52874369
323 -0.00359712 0.52722420
324 0.00749064 0.55517056
325 0.01526718 0.57381873
326 0.01908397 0.57035507
327 0.02307692 0.57577055
328 0.02264151 0.57690446
329 0.00740741 0.55206670
330 0.00724638 0.53931103
331 0.01449275 0.49705324
332 0.01818182 0.50149081
333 0.01045296 0.49813864
334 0.02068966 0.48462829
335 0.04210526 0.49467138
336 0.03914591 0.50202944
337 0.04710145 0.49133466
338 0.05597015 0.48250458
339 0.06415094 0.46835234
340 0.06691450 0.46838696
341 0.06741573 0.47010844
342 0.05791506 0.45805146
343 0.03831418 0.38036854
344 0.05204461 0.41998301
345 0.04135338 0.40068391
346 0.03663004 0.38172258
347 0.04642857 0.39890724
348 0.04225352 0.39202725
349 0.04195804 0.38157800
350 0.05614035 0.38042672
351 0.05226481 0.37498731
352 0.05923345 0.35475310
353 0.05574913 0.35036452
354 0.06569343 0.34671413
355 0.06390977 0.34702800
356 0.04166667 0.31767733
357 0.03383459 0.36183749
358 0.03308824 0.35784413
359 0.03985507 0.35451167
360 0.03202847 0.37182822
361 0.02491103 0.40011437
362 0.02166065 0.41646388
363 0.01067616 0.45106213
364 0.02097902 0.54891960
365 0.00000000 0.54213173
366 -0.00357143 0.55840412
367 -0.01086957 0.57514391
368 -0.02621723 0.57129479
369 -0.02651515 0.58762393
370 -0.02298851 0.59440361
371 -0.02307692 0.59554828
372 -0.02755906 0.59910040
373 -0.02352941 0.60788398
374 -0.02702703 0.60620439
375 -0.02298851 0.60720694
376 -0.01886792 0.60586046
377 -0.02564103 0.60882153
378 -0.02867384 0.65087271
379 -0.02517986 0.66044439
380 -0.03237410 0.68692963
381 -0.02836879 0.68479430
382 -0.02439024 0.67634680
383 -0.01736111 0.67020511
384 -0.01067616 0.65183250
385 -0.02214022 0.57692402
386 -0.01107011 0.56097399
387 -0.00369004 0.54771008
388 0.00000000 0.52762513
389 -0.00354610 0.53688324
390 -0.00706714 0.52587605
391 -0.01393728 0.52204631
392 -0.02447552 0.52591998
393 -0.01724138 0.53562948
394 -0.01374570 0.55691582
395 -0.00699301 0.56190782
396 -0.00711744 0.56690187
397 -0.01433692 0.56880113
398 0.00367647 0.57306171
399 0.02255639 0.49091621
400 0.02651515 0.48871055
401 0.02681992 0.45069289
402 0.04330709 0.47266640
403 0.05645161 0.46413769
404 0.04365079 0.49103453
405 0.03984064 0.51225616
406 0.03501946 0.51797693
407 0.01145038 0.52873611
408 0.01140684 0.52772658
409 0.01893939 0.55463928
410 0.03041825 0.57211491
411 0.05147059 0.64080039
412 0.06273063 0.66090168
413 0.07089552 0.65814683
414 0.06177606 0.65595537
415 0.07086614 0.66749609
416 0.07480315 0.67002077
417 0.06250000 0.67155074
418 0.05791506 0.67091074
419 0.04597701 0.66056001
420 0.02661597 0.66772283
421 0.01893939 0.67802358
422 0.01503759 0.68937995
423 0.02189781 0.80717618
424 -0.04301075 1.31330199
425 -0.05166052 1.32675705
426 -0.05925926 1.32890632
427 -0.05681818 1.37626227
428 -0.04687500 1.40229154
429 -0.05138340 1.41187146
430 -0.03585657 1.44038507
431 -0.04435484 1.43765455
432 -0.07053942 1.42273333
433 -0.06302521 1.43208358
434 -0.06995885 1.42557905
435 -0.08097166 1.42620733
436 -0.08433735 1.41596444
437 -0.07450980 1.41641712
438 -0.04633205 1.45133461
439 -0.03501946 1.45865524
440 -0.03802281 1.45363426
441 -0.11235955 1.83801668
442 -0.17228464 1.92536971
443 -0.18631179 1.94374189
444 -0.22619048 1.92912996
445 -0.19753086 1.62942788
446 -0.21138211 1.63508488
447 -0.22040816 1.66460003
448 -0.24096386 1.63571796
449 -0.19444444 1.64773444
450 -0.19379845 1.70409221
451 -0.20155039 1.69632170
452 -0.22093023 1.72913574
453 -0.27924528 1.82712708
454 -0.35471698 1.88158601
455 -0.37404580 1.90114254
456 -0.37890625 1.91817529
457 -0.38888889 1.93096893
458 -0.43373494 1.96045237
459 -0.45833333 1.98696941
460 -0.46666667 2.01846428
461 -0.47033898 2.04293528
462 -0.39484979 1.75144499
463 -0.33333333 1.68048634
464 -0.40756303 1.75920291
465 -0.47083333 1.87674140
466 -0.46311475 1.90588004
467 -0.44578313 1.90025261
468 -0.43083004 1.90866812
469 -0.40551181 1.94512900
470 -0.45454545 1.93005394
471 -0.53875969 1.92678479
472 -0.58396947 1.93144247
473 -0.55555556 1.92598071
474 -0.52000000 1.86534664
475 -0.46122449 1.82747882
476 -0.42622951 1.83884931
477 -0.47154472 1.88798652
478 -0.53629032 1.91062805
479 -0.51383399 1.86573274
480 -0.50190114 1.83867386
481 -0.50570342 1.82825726
482 -0.50000000 1.82920956
483 -0.60147601 1.98042215
484 -0.63736264 1.95265553
485 -0.60147601 1.93310287
486 -0.53159851 1.84166275
487 -0.56343284 1.84606236
488 -0.57198444 1.86760865
489 -0.64426877 1.87504941
490 -0.70682731 1.84871184
491 -0.74308300 1.83474015
492 -0.72469636 1.80927977
493 -0.72314050 1.80415658
494 -0.77327935 1.78897214
495 -0.78714859 1.78447480
496 -0.79527559 1.77972144
497 -0.84230769 1.73820861
498 -0.78244275 1.71381499
499 -0.71320755 1.70361000
500 -0.71590909 1.72621609
501 -0.80681818 1.80319502
502 -0.87313433 1.91161105
503 -0.91287879 1.90156651
504 -0.82608696 1.71171017
505 -0.81632653 1.74000035
506 -0.76734694 1.70551033
507 -0.78775510 1.69976284
508 -0.78688525 1.67641352
509 -0.78400000 1.65538673
510 -0.70817121 1.64068493
511 -0.64615385 1.68967584
512 -0.58687259 1.68991006
513 -0.56928839 1.77648399
514 -0.57195572 1.85027212
515 -0.54545455 1.90601863
516 -0.50957854 1.92676099
517 -0.47470817 1.94663733
518 -0.43145161 1.98866696
519 -0.43319838 1.98638432
520 -0.40082645 2.06544363
521 -0.33195021 2.29260040
522 -0.27426160 2.21433408
523 -0.18220339 2.09677082
524 -0.18181818 2.08531717
525 -0.21224490 2.11257289
526 -0.23015873 2.15037363
527 -0.25680934 2.16781372
528 -0.21923077 2.16367327
529 -0.16030534 2.14892575
530 -0.13207547 2.14650646
531 -0.20295203 2.16524538
532 -0.22463768 2.14567003
533 -0.24907063 2.17028118
534 -0.21093750 2.10192197
535 -0.20080321 2.03196218
536 -0.20883534 1.97886062
537 -0.26209677 2.02010513
538 -0.30894309 2.01880984
539 -0.32806324 1.99579991
540 -0.33725490 2.00491137
541 -0.37065637 1.98484275
542 -0.42745098 1.75284678
543 -0.37404580 1.73243070
544 -0.39325843 1.69442681
545 -0.35769231 1.71044330
546 -0.32421875 1.66166683
547 -0.30645161 1.59034241
548 -0.29045643 1.54874687
549 -0.34453782 1.53955977
550 -0.37446809 1.53735094
551 -0.39743590 1.51677100
552 -0.29515419 1.43166570
553 -0.28828829 1.36794186
554 -0.26637555 1.35845483
555 -0.23175966 1.40117712
556 -0.21428571 1.39328018
557 -0.16872428 1.44896986
558 -0.10887097 1.37068865
559 -0.07509881 1.34750375
560 -0.02766798 1.32558212
561 -0.03474903 1.29202572
562 -0.06818182 1.19373002
563 -0.08333333 1.17348181
564 -0.11764706 1.17465121
565 -0.11522634 1.17967229
566 -0.14462810 1.16294450
567 -0.14285714 1.15942326
568 -0.15510204 1.17714945
569 -0.15384615 1.17243726
570 -0.12800000 1.15453358
571 -0.14000000 1.16526020
572 -0.13833992 1.20211141
573 -0.12403101 1.19992057
574 -0.10687023 1.17933619
575 -0.11284047 1.18869615
576 -0.12648221 1.16488396
577 -0.12601626 1.16249818
578 -0.15767635 1.08013946
579 -0.18723404 1.08162924
580 -0.19658120 1.07439426
581 -0.21304348 1.07889817
582 -0.16666667 1.10996025
583 -0.11210762 1.14725939
584 -0.05309735 1.19510638
585 -0.03508772 1.21611662
586 -0.03448276 1.26169703
587 -0.04621849 1.29016336
588 -0.04564315 1.29823265
589 0.01214575 1.29251058
590 0.00404858 1.35699925
591 0.01185771 1.43781750
592 0.02681992 1.40166420
593 0.03921569 1.37698724
594 0.01224490 1.39519560
595 -0.00843882 1.42909110
596 -0.00421941 1.43059159
597 -0.01271186 1.40358487
598 -0.00829876 1.40828413
599 -0.02032520 1.41550939
600 0.00784314 1.40020290
601 -0.02325581 1.42498613
602 -0.05019305 1.46317523
603 -0.06106870 1.43975160
604 -0.07434944 1.39897752
605 -0.09022556 1.38432544
606 -0.09505703 1.35723053
607 -0.05791506 1.31793130
608 -0.03937008 1.29701131
609 -0.04435484 1.30168389
610 -0.07818930 1.35682298
611 -0.11475410 1.39780381
612 -0.08438819 1.33453514
613 -0.01304348 1.40641212
614 -0.04680851 1.42097400
615 -0.01680672 1.46395910
616 -0.01639344 1.45993746
617 -0.02016129 1.47159226
618 0.00395257 1.49734692
619 0.00000000 1.49012497
620 0.02745098 1.49382962
621 0.02352941 1.55965222
622 0.05405405 1.54172364
623 0.07031250 1.50910228
624 0.04508197 1.52145709
625 0.05531915 1.55288655
626 0.02991453 1.52910336
627 0.01709402 1.53909235
628 -0.00420168 1.52475466
629 0.01234568 1.51434322
630 0.00000000 1.51299591
631 0.00781250 1.45788509
632 0.04263566 1.36454694
633 0.00377358 1.34979828
634 -0.04744526 1.30984328
635 -0.02592593 1.29743602
636 -0.04477612 1.25936594
637 -0.02671756 1.28178064
638 -0.01550388 1.26604563
639 -0.01976285 1.23587445
640 0.01600000 1.30789386
641 -0.00790514 1.30320757
642 -0.01600000 1.22545951
643 -0.00404858 1.22805278
644 -0.02777778 1.24779575
645 0.00000000 1.23796892
646 0.00377358 1.22009101
647 -0.02573529 1.25203871
648 0.00716846 1.24366837
649 0.01785714 1.25139451
650 0.04285714 1.33264191
651 0.05300353 1.46132766
652 0.07903780 1.44219915
653 0.10526316 1.45210157
654 0.13454545 1.49454216
655 0.11320755 1.55286121
656 0.08712121 1.58293683
657 0.11026616 1.59412361
658 0.10902256 1.66409174
659 0.08058608 1.66961063
660 0.07220217 1.67088881
661 0.02473498 1.62081633
662 0.03900709 1.62779562
663 0.03237410 1.62861221
664 0.02702703 1.60061830
665 0.05460751 1.61449585
666 0.03846154 1.63575930
667 0.01067616 1.64204573
668 0.03623188 1.62440219
669 0.00738007 1.63976651
670 0.00751880 1.64142709
671 -0.00749064 1.57755047
672 0.01140684 1.45802043
673 -0.03515625 1.47752256
674 -0.02671756 1.46323132
675 -0.03703704 1.48553075
676 0.03610108 1.47151577
677 0.10283688 1.46126466
678 0.10726644 1.43574741
679 0.10580205 1.33154578
680 0.15593220 1.33353798
681 0.14851485 1.34252509
682 0.24595469 1.63495447
683 0.26732673 1.64713934
684 0.26490066 1.65335454
685 0.26428571 1.68531806
686 0.25622776 1.65351530
687 0.25704225 1.65189250
688 0.24825175 1.66002972
689 0.22602740 1.74989660
690 0.23648649 1.75773925
691 0.20666667 1.75715134
692 0.23255814 1.80528939
693 0.25496689 1.81847984
694 0.23717949 1.86734393
695 0.23051948 1.87442336
696 0.23178808 1.84604708
697 0.17567568 1.82716309
698 0.15807560 1.94291686
699 0.11347518 2.00210636
700 0.10869565 2.01515994
701 0.06521739 2.01343315
702 0.05072464 2.01023730
703 -0.03802281 1.76005267
704 -0.07063197 1.71870525
705 -0.07971014 1.71225144
706 -0.04166667 1.72246885
707 -0.02422145 1.73888379
708 -0.03436426 1.74559184
709 -0.02380952 1.76313533
710 0.04713805 1.71965984
711 0.09152542 1.87221795
712 0.16993464 1.93260497
713 0.14333333 1.92400490
714 0.11564626 1.90747410
715 0.16187050 1.87103692
716 0.15636364 1.90300987
717 0.16304348 1.90469567
718 0.18181818 1.92837919
719 0.20640569 1.84393646
720 0.22413793 1.85311020
721 0.24579125 1.89688332
722 0.29152542 1.95086656
723 0.31292517 1.99590954
724 0.41290323 2.23037895
725 0.43421053 2.25201355
726 0.48172757 2.25621327
727 0.48943662 2.29068502
728 0.50176678 2.30382746
729 0.52346570 2.32589197
730 0.55755396 2.30724736
731 0.59272727 2.36024360
732 0.60948905 2.25581489
733 0.64794007 2.35153635
734 0.60073260 2.32432774
735 0.71530249 2.38239390
736 0.73426573 2.38842545
737 0.70508475 2.35847176
738 0.73244147 2.34777870
739 0.74342105 2.31224809
740 0.74509804 2.30332450
741 0.75000000 2.28274222
742 0.80254777 2.29164196
743 0.79288026 2.25107791
744 0.81188119 2.23182670
745 0.75347222 2.01345347
746 0.78006873 2.01881187
747 0.71232877 2.03899748
748 0.72972973 2.02558079
749 0.66776316 2.03552937
750 0.65909091 2.00098066
751 0.64169381 1.99884470
752 0.60586319 1.93126110
753 0.59872611 1.93458476
754 0.54601227 1.92857844
755 0.57453416 1.97074490
756 0.51735016 1.95612845
757 0.49038462 1.93127180
758 0.50653595 1.92693329
759 0.46357616 1.92819553
760 0.40333333 1.96813807
761 0.33670034 1.95241531
762 0.23809524 2.33633806
763 0.15384615 2.31943034
764 0.17465753 2.30649201
765 0.14915254 2.30013109
766 0.15333333 2.28338968
767 0.10819672 2.26197799
768 0.12211221 2.26291865
769 0.09120521 2.25458592
770 0.09698997 2.25711945
771 0.09240924 2.26652324
772 0.07348243 2.26830863
773 0.01960784 2.28026627
774 -0.03050847 2.27132781
775 -0.07581227 2.17479629
776 -0.11231884 2.14689468
777 -0.20652174 2.11077604
778 -0.20363636 2.12441178
779 -0.24731183 2.14067787
780 -0.25441696 2.13355660
781 -0.23693380 2.12205246
782 -0.20138889 2.12527469
783 -0.18556701 1.73600749
784 -0.18456376 1.72411007
785 -0.22491349 1.72841914
786 -0.27017544 1.73428202
787 -0.34050179 1.74307709
788 -0.34057971 1.82306985
789 -0.32246377 1.85501848
790 -0.33085502 1.85837546
791 -0.29151292 1.84989537
792 -0.34200743 1.92056362
793 -0.33204633 1.91226561
794 -0.36466165 1.95769196
795 -0.35897436 1.92966443
796 -0.35869565 1.96652821
797 -0.32616487 1.95205020
798 -0.32982456 1.91086266
799 -0.36426117 1.89499187
800 -0.35494881 1.92058542
801 -0.33898305 1.92910195
802 -0.26086957 2.00640934
803 -0.31972789 2.02707407
804 -0.25964912 2.01472219
805 -0.26838235 1.98649322
806 -0.25182482 2.01061659
807 -0.19259259 2.01848814
808 -0.18315018 2.04978701
809 -0.26086957 1.98468444
810 -0.24731183 2.00712354
811 -0.27972028 2.04649669
812 -0.28222997 2.06548338
813 -0.21034483 2.00187539
814 -0.16333333 2.08273414
815 -0.07191781 2.07711282
816 -0.05208333 2.13174018
817 -0.03169014 2.14221805
818 -0.05017921 2.17515193
819 -0.04761905 2.21490684
820 0.00743494 2.21930567
821 0.05535055 2.15180350
822 0.06415094 2.17240740
823 0.03076923 2.08853632
824 0.10984848 2.04866125
825 0.13653137 2.04028714
826 0.16187050 2.04261090
827 0.16370107 2.00932625
828 0.14726027 2.00400613
829 0.12585034 2.02066418
830 0.22758621 2.00602838
831 0.19732441 1.93463475
832 0.18421053 1.92060583
833 0.15719064 1.90866273
834 0.17808219 1.92357389
835 0.13043478 1.83234013
836 0.09677419 1.79366100
837 0.05755396 1.74252311
838 -0.00722022 1.74038306
839 -0.02816901 1.72056225
840 -0.00347222 1.66852031
841 -0.05802048 1.69610114
842 -0.07958478 1.72519076
843 -0.07357860 1.83403804
844 -0.09900990 1.84231867
845 -0.10666667 1.84208209
846 -0.12203390 1.80476201
847 -0.17421603 1.82952590
848 -0.17894737 1.83843328
849 -0.19855596 1.83965914
850 -0.17518248 1.80718067
851 -0.20664207 1.80987829
852 -0.20992366 1.87487338
853 -0.20384615 1.87051513
854 -0.24719101 1.97891650
855 -0.18148148 2.06412750
856 -0.17454545 2.06961139
857 -0.20996441 2.09131888
858 -0.21403509 2.09118190
859 -0.16610169 2.05441371
860 -0.14675768 2.06627305
861 -0.17288136 2.07526988
862 -0.14238411 2.04019207
863 -0.15540541 2.04926721
864 -0.16140351 1.94879471
865 -0.15328467 2.01783444
866 -0.22344322 2.04487340
867 -0.23985240 2.05967419
868 -0.24727273 2.04973334
869 -0.26164875 2.05491133
870 -0.28421053 2.05726037
871 -0.28919861 2.03036091
872 -0.32764505 2.03441796
873 -0.29491525 2.04651884
874 -0.21241830 2.01892100
875 -0.18120805 1.94383664
876 -0.30240550 1.86564985
877 -0.29268293 1.86747524
878 -0.28880866 1.84242998
879 -0.24087591 1.89089024
880 -0.25373134 1.90872849
881 -0.25757576 1.88296834
882 -0.22053232 1.86491218
883 -0.27952756 1.94708005
884 -0.22957198 1.98180715
885 -0.21839080 1.98702689
886 -0.18587361 1.96490317
887 -0.16666667 1.93529149
888 -0.16058394 1.93950100
889 -0.14642857 1.91297815
890 -0.16370107 1.92211728
891 -0.16725979 1.88711684
892 -0.14383562 1.86665338
893 -0.08680556 1.83920701
894 -0.10714286 1.81864666
895 -0.13793103 1.82191202
896 -0.06439394 1.82286419
897 -0.04511278 1.83822992
898 -0.08921933 1.85667285
899 -0.07608696 1.84430541
900 -0.17625899 1.88128087
901 -0.12857143 1.89071626
902 -0.12323944 1.90098228
903 -0.13684211 1.92980985
904 -0.02013423 1.92089275
905 -0.05423729 1.89981399
906 -0.05498282 1.89110465
907 -0.08127208 1.88040544
908 -0.02836879 1.89565250
909 0.00719424 1.91138109
910 0.07063197 1.97338446
911 0.06273063 2.00178955
912 0.09665428 2.02363552
913 0.16602317 2.05530228
914 0.11494253 2.07044377
915 0.08178439 2.07706088
916 -0.01083032 2.21732924
917 -0.03942652 2.19102675
918 0.00696864 2.19820816
919 0.10000000 2.20262505
920 0.02768166 2.30321224
921 0.09215017 2.24562889
922 -0.00330033 2.45151440
923 0.03333333 2.49927526
924 0.01023891 2.52993671
925 -0.02527076 2.55718872
926 -0.05734767 2.56223433
927 -0.12099644 2.58697708
928 -0.11428571 2.60434078
929 -0.12982456 2.57984911
930 -0.16438356 2.56067913
931 -0.25167785 2.53999931
932 -0.22448980 2.56996545
933 -0.20666667 2.67853269
934 -0.20394737 2.67574071
935 -0.13333333 2.70430517
936 -0.10544218 2.70237621
937 -0.03806228 2.61843181
938 -0.05985915 2.63972265
939 -0.12996390 2.60943196
940 -0.14285714 2.61037845
941 -0.04744526 2.51616256
942 -0.04089219 2.52934286
943 0.06513410 2.26672648
944 0.01515152 2.22664422
945 0.11985019 2.21594088
946 0.09225092 2.16597743
947 0.19424460 2.14754565
948 0.27956989 2.10702281
949 0.27526132 2.08495640
950 0.26206897 2.10460260
951 0.25597270 2.08533862
952 0.36577181 2.06716422
953 0.37710438 2.00654698
954 0.38596491 1.82079523
955 0.32851986 1.79280435
956 0.31521739 1.76797376
957 0.33090909 1.78485853
958 0.33576642 1.80466377
959 0.33333333 1.80811404
960 0.32055749 1.82686700
961 0.27681661 1.89650141
962 0.22680412 1.98531760
963 0.24406780 1.96433084
964 0.22622951 2.00114290
965 0.26578073 1.99393877
966 0.21843003 1.98109254
967 0.22758621 2.01119644
968 0.13780919 2.03656769
969 0.10545455 2.05218578
970 0.11481481 2.03267065
971 0.10943396 2.07968749
972 0.11923077 2.11384830
973 0.06640625 2.05022342
974 0.11026616 2.17182011
975 0.16666667 2.23149141
976 0.23247232 2.33043808
977 0.19413919 2.35202558
978 0.20714286 2.33715947
979 0.22887324 2.32068836
980 0.22419929 2.33824984
981 0.36585366 2.45276023
982 0.33333333 2.94739622
983 0.38327526 2.94105240
984 0.34397163 2.97057620
985 0.35227273 3.05229368
986 0.34848485 3.06578034
987 0.40377358 3.11265515
988 0.45283019 3.16686226
989 0.59340659 3.18767625
990 0.61130742 3.16633657
991 0.59649123 3.17150411
992 0.62237762 3.13845240
993 0.67482517 3.12025569
994 0.78114478 3.23137826
995 0.77586207 3.18974950
996 0.82394366 3.19075364
997 0.77659574 3.14474398
998 0.84697509 3.13529443
999 0.84306569 3.15314357
1000 0.87732342 3.16047871
1001 0.88191882 3.16474878
1002 0.83082707 3.08825359
1003 0.89883268 2.49950749
1004 0.95094340 2.48964694
1005 0.98507463 2.46012415
1006 0.98201439 2.44721168
1007 1.04561404 2.45552483
1008 1.00684932 2.37829988
1009 0.95918367 2.30854637
1010 0.90068493 2.24918455
1011 0.88356164 2.23379317
1012 0.92642140 2.23184793
1013 0.95254237 2.23251756
1014 0.93793103 2.23288009
1015 0.84249084 2.04204618
1016 0.84074074 2.04062081
1017 0.75925926 2.01974625
1018 0.80073801 2.01773604
1019 0.75547445 1.98770653
1020 0.73285199 2.02182928
1021 0.67957746 2.00691521
1022 0.68439716 1.95219682
1023 0.68989547 1.97129816
1024 0.64285714 1.94067298
1025 0.59440559 1.88712261
1026 0.59507042 1.87642346
1027 0.56521739 1.82689611
1028 0.47252747 1.73633738
1029 0.42322097 1.80764462
1030 0.37878788 1.82100254
1031 0.34865900 1.78807162
1032 0.36882129 1.79824377
1033 0.31889764 1.76613879
1034 0.33076923 1.74598696
1035 0.30451128 1.74867560
1036 0.31970260 1.78562416
1037 0.29197080 1.86606708
1038 0.28113879 1.88867871
1039 0.25435540 1.94003826
1040 0.21724138 2.01492167
1041 0.14334471 2.13738696
1042 0.19601329 2.38008068
1043 0.20202020 2.39783037
1044 0.14482759 2.43242033
1045 0.15658363 2.48359641
1046 0.19642857 2.54718653
1047 0.16423358 2.59727209
1048 0.18411552 2.59989556
1049 0.23297491 2.63475432
1050 0.23529412 2.63127557
1051 0.26621160 2.60218263
1052 0.28911565 2.58667178
1053 0.25925926 2.62590849
1054 0.22666667 2.62135982
1055 0.23076923 2.64262741
1056 0.26621160 2.66331978
1057 0.27835052 2.66810898
1058 0.33449477 2.70966188
1059 0.39285714 2.72305023
1060 0.41454545 2.71165491
1061 0.42700730 2.66234091
1062 0.49815498 2.56020042
1063 0.47547170 2.48639523
1064 0.47148289 2.50155381
1065 0.53231939 2.48466694
1066 0.53703704 2.46697867
1067 0.49640288 2.39847756
1068 0.48251748 2.37044121
1069 0.41034483 2.37647712
1070 0.36206897 2.35806997
1071 0.38327526 2.33986411
1072 0.43642612 2.53225665
1073 0.43598616 2.62272768
1074 0.46402878 2.59487157
1075 0.46739130 2.59279177
1076 0.41044776 2.60139026
1077 0.33823529 2.61762572
1078 0.31343284 2.59333028
1079 0.25461255 2.50734605
1080 0.12635379 2.52564930
1081 0.09318996 2.52154533
1082 0.10071942 2.52151740
1083 0.13780919 2.48372393
1084 0.08391608 2.53258485
1085 0.10416667 2.52435868
1086 0.07368421 2.49609035
1087 0.06428571 2.50936801
1088 0.03636364 2.53273197
1089 0.05128205 2.51267526
1090 0.10000000 2.48138048
1091 0.12500000 2.46282321
1092 0.11194030 2.41456395
1093 0.02631579 2.22576321
1094 0.00000000 2.14232403
1095 -0.03623188 2.11972355
1096 -0.05357143 2.12021879
1097 -0.07638889 2.13018741
1098 -0.05555556 2.11771285
1099 -0.15100671 2.15259979
1100 -0.18394649 2.19279092
1101 -0.10000000 2.23307458
1102 -0.13268608 2.18730092
1103 -0.14705882 2.18818163
1104 -0.19732441 2.21598665
1105 -0.16666667 1.99651264
1106 -0.18815331 1.99811075
1107 -0.20905923 2.00127271
1108 -0.21527778 2.01272327
1109 -0.22945205 2.06061639
1110 -0.24489796 2.05916527
1111 -0.23310811 2.07234866
1112 -0.18791946 2.28704190
1113 -0.17161716 2.48909935
1114 -0.11221122 2.51102524
1115 -0.10666667 2.51456404
1116 -0.11186441 2.51749557
1117 -0.06228374 2.55146941
1118 -0.06007067 2.56267452
1119 -0.03546099 2.57392163
1120 0.06159420 2.55837512
1121 0.01438849 2.65048354
1122 0.00362319 2.59159226
1123 0.05555556 2.64937859
1124 0.08823529 2.64218010
1125 0.09090909 2.62131025
1126 0.05434783 2.61198969
1127 0.01052632 2.62099354
1128 0.03125000 2.62042284
1129 0.04498270 2.59032336
1130 0.06896552 2.53188709
1131 0.08163265 2.57981189
1132 0.04081633 2.58210579
1133 -0.04861111 2.49272072
1134 -0.01067616 2.37920153
1135 -0.08058608 2.35164766
1136 -0.07326007 2.45887857
1137 -0.05494505 2.47351844
1138 -0.11678832 2.45118105
1139 -0.08896797 2.41333779
1140 -0.10247350 2.40273800
1141 -0.14930556 2.38065656
1142 -0.03169014 2.22316331
1143 -0.03202847 2.21739208
1144 -0.04391892 2.26575767
1145 -0.04761905 2.27565640
1146 -0.04810997 2.27226642
1147 -0.03793103 2.27866801
1148 -0.02473498 2.26664595
1149 -0.06382979 2.25022819
1150 -0.10357143 2.27814647
1151 -0.12274368 2.27925960
1152 -0.14181818 2.23236732
1153 -0.15217391 2.28799928
1154 -0.18279570 2.21316972
1155 -0.19434629 2.15557249
1156 -0.21527778 2.18695274
1157 -0.35395189 2.18185539
1158 -0.41237113 2.19758132
1159 -0.38775510 2.18730117
1160 -0.40816327 2.24065782
1161 -0.41946309 2.20083173
1162 -0.26027397 2.35121781
1163 -0.31301939 2.37441736
1164 -0.33518006 2.37489369
1165 -0.37352941 2.31931849
1166 -0.40816327 2.32382596
1167 -0.40762463 2.32527049
1168 -0.39411765 2.36318134
1169 -0.38953488 2.35470023
1170 -0.36311239 2.36926847
1171 -0.36599424 2.37187198
1172 -0.31791908 2.44180315
1173 -0.28818444 2.47483377
1174 -0.30857143 2.56417588
1175 -0.28529412 2.55864920
1176 -0.31044776 2.53461865
1177 -0.27327327 2.50188612
1178 -0.18541033 2.40786945
1179 -0.13455657 2.37579790
1180 -0.12923077 2.38214313
1181 -0.09034268 2.33611594
1182 -0.06250000 2.35737355
1183 -0.11553785 2.21959402
1184 -0.11023622 2.18231609
1185 -0.08560311 2.16697219
1186 -0.01930502 2.16285007
1187 0.04687500 2.14333211
1188 0.04942966 2.14401120
1189 0.03745318 2.08794019
1190 0.09363296 2.09246695
1191 0.09191176 2.06061486
1192 0.09420290 2.05696221
1193 0.04363636 1.99586833
1194 0.01503759 1.97335061
1195 0.07114625 1.71676995
1196 0.06589147 1.76198491
1197 0.09195402 1.75826959
1198 0.04247104 1.83477690
1199 0.04597701 1.84541873
1200 0.03018868 1.87260806
1201 0.02255639 1.86311229
1202 -0.00746269 1.85825930
1203 -0.02264151 1.82767462
1204 -0.05947955 1.82135787
1205 -0.01503759 1.82015949
1206 0.03041825 1.86547239
1207 -0.01149425 1.84074140
1208 -0.02681992 1.85722318
1209 -0.01945525 1.88010007
1210 -0.04382470 1.90422470
1211 -0.02777778 1.89232625
1212 -0.02448980 1.88811323
1213 -0.01244813 1.86967316
1214 -0.02032520 1.87235351
1215 -0.01195219 1.81655074
1216 0.02334630 1.80045559
1217 0.02681992 1.73959794
1218 -0.02272727 1.78913454
1219 0.02592593 1.70590328
1220 0.06617647 1.67332978
1221 -0.00358423 1.76394385
1222 0.04642857 1.76626738
1223 0.07220217 1.76782430
1224 0.07749077 1.79853098
1225 0.11026616 1.81154302
1226 0.09885932 1.84662851
1227 0.04961832 1.79650039
1228 0.05703422 1.80134014
1229 0.03773585 1.78548720
1230 0.04832714 1.76234637
1231 0.05072464 1.75322026
1232 0.01449275 1.78676145
1233 0.01413428 1.87172263
1234 0.07931034 1.91079239
1235 0.08833922 1.87630949
1236 0.10000000 1.90189492
1237 0.10830325 1.89846515
1238 0.09963100 1.91708687
1239 0.13207547 1.91917888
1240 0.13461538 1.92753715
1241 0.07364341 1.96823093
1242 0.14901961 1.85108742
1243 0.10465116 1.85482274
1244 0.07924528 1.90427733
1245 0.05204461 1.89389374
1246 0.05474453 1.86757451
1247 0.04659498 1.81162738
1248 0.01063830 1.85311903
1249 0.00699301 1.84484680
1250 0.01038062 1.82476107
1251 -0.01700680 1.82035792
1252 -0.03000000 1.86387054
1253 -0.05762712 1.82016328
1254 -0.11188811 1.72740509
1255 -0.21582734 1.67056743
1256 -0.21863799 1.69177345
1257 -0.28880866 1.73298698
1258 -0.31316726 1.72216774
1259 -0.35888502 1.75614291
1260 -0.34353741 1.78379386
1261 -0.34782609 1.81143468
1262 -0.30434783 1.78293961
1263 -0.32775920 1.81518539
1264 -0.30592105 1.95371301
1265 -0.29629630 1.96586231
1266 -0.29391892 1.99272325
1267 -0.32302405 2.02027289
1268 -0.34375000 2.04561974
1269 -0.28070175 2.03104762
1270 -0.28417266 2.04158072
1271 -0.24909747 2.14662887
1272 -0.22426471 2.12811079
1273 -0.19548872 2.10106405
1274 -0.21611722 2.10588207
1275 -0.19565217 2.11954951
1276 -0.19202899 2.14291430
1277 -0.16725979 2.14237751
1278 -0.10763889 2.07831277
1279 -0.14137931 2.08405003
1280 -0.04123711 2.10705314
1281 -0.09278351 2.11113211
1282 -0.14141414 2.14827131
1283 -0.16095890 2.16138791
1284 -0.13286713 2.13159281
1285 -0.16363636 1.99966819
1286 -0.13868613 1.99516809
1287 -0.14285714 2.03952540
1288 -0.14338235 2.04145965
1289 -0.19713262 2.05338614
1290 -0.22340426 2.08103240
1291 -0.25517241 2.09226392
1292 -0.29616725 2.02071941
1293 -0.32068966 2.03530760
1294 -0.39189189 2.07694409
1295 -0.37024221 2.06776188
1296 -0.39510490 2.06758877
1297 -0.37062937 2.03194945
1298 -0.42049470 1.99907880
1299 -0.48387097 2.03360033
1300 -0.49270073 2.08297248
1301 -0.53136531 2.00322277
1302 -0.53874539 1.92963552
1303 -0.55639098 1.94029188
1304 -0.56666667 1.93029073
1305 -0.59420290 1.96750948
1306 -0.62500000 1.97441067
1307 -0.70175439 1.93344282
1308 -0.64604811 1.91414243
1309 -0.65436242 1.87792361
1310 -0.61666667 1.85684728
1311 -0.64473684 1.83262655
1312 -0.65594855 1.98558230
1313 -0.68709677 1.96954842
1314 -0.68092105 1.99673772
1315 -0.65084746 1.94572380
1316 -0.65423729 1.97495561
1317 -0.60544218 1.97789084
1318 -0.60606061 1.99400206
1319 -0.64882943 2.01514991
1320 -0.59602649 1.97720837
1321 -0.51803279 2.01976323
1322 -0.53225806 2.03939948
1323 -0.48231511 2.10961909
1324 -0.43396226 2.01423421
1325 -0.44620253 2.03624728
1326 -0.44805195 2.02441839
1327 -0.43790850 2.03197414
1328 -0.43478261 2.04765233
1329 -0.46757679 2.01275214
1330 -0.44137931 2.00648037
1331 -0.43617021 2.01714278
1332 -0.43060498 1.98287021
1333 -0.40808824 1.85219746
1334 -0.39416058 1.85897551
1335 -0.39568345 1.82884511
1336 -0.41428571 1.82960800
1337 -0.42756184 1.80549301
1338 -0.45422535 1.79359375
1339 -0.43462898 1.77406517
1340 -0.36267606 1.73881521
1341 -0.38811189 1.75311210
1342 -0.45360825 1.72018815
1343 -0.44876325 1.68851677
1344 -0.47311828 1.68952378
1345 -0.47148289 1.80281388
1346 -0.47126437 1.79854052
1347 -0.43846154 1.78151749
1348 -0.43023256 1.82422542
1349 -0.36226415 1.90018205
1350 -0.35205993 1.89469617
1351 -0.37313433 1.91454766
1352 -0.33823529 1.92371331
1353 -0.34962406 1.99289773
1354 -0.26909091 2.13767668
1355 -0.27573529 2.14795866
1356 -0.22304833 2.17397866
1357 -0.17293233 2.17016225
1358 -0.11787072 2.19066898
1359 -0.08812261 2.21791064
1360 -0.09578544 2.22624672
1361 -0.13307985 2.23636002
1362 -0.12213740 2.27268606
1363 -0.05769231 2.23359279
1364 -0.04905660 2.21424646
1365 -0.04460967 2.13837074
1366 -0.05734767 2.06989594
1367 -0.03135889 2.06427976
1368 -0.05084746 2.08512491
1369 -0.06953642 2.02930338
1370 -0.06270627 1.96644752
1371 0.00645161 2.18851599
1372 0.02236422 2.16679742
1373 0.03883495 2.19024844
1374 0.06430868 2.15430089
1375 -0.02020202 2.04499949
1376 0.01003344 2.01917810
1377 -0.00673401 2.03182993
1378 -0.01000000 2.03889438
1379 -0.04262295 2.01347917
1380 -0.04854369 2.00670293
1381 -0.02884615 1.99898719
1382 0.05095541 2.00413687
1383 0.09967846 1.97231644
1384 0.12264151 2.02991584
1385 0.13968254 2.04086747
1386 0.14983713 2.04452680
1387 0.18333333 2.04540162
1388 0.18027211 2.01483032
1389 0.19655172 1.98244593
1390 0.23674912 1.96344050
1391 0.23591549 1.91994705
1392 0.15302491 1.61954571
1393 0.14440433 1.62434360
1394 0.11347518 1.56515527
1395 0.11307420 1.54871444
1396 0.14432990 1.45973326
1397 0.10884354 1.46927231
1398 0.06711409 1.41499630
1399 0.06953642 1.37555756
1400 0.08278146 1.36998007
1401 0.04262295 1.32591317
1402 0.02893891 1.32560339
1403 0.04276316 1.84770313
1404 0.01973684 1.83644942
1405 -0.02749141 1.75162985
1406 -0.04482759 1.74738286
1407 -0.04436860 1.74625157
1408 -0.05743243 1.75636725
1409 -0.02990033 1.75568685
1410 -0.01948052 1.73475971
1411 0.10256410 2.40759646
1412 0.07371795 2.42925927
1413 0.08469055 2.46000561
1414 0.09493671 2.45282597
1415 0.09354839 2.47072641
1416 0.12580645 2.47190920
1417 0.15181518 2.49171907
1418 0.21140940 2.53705283
1419 0.24324324 2.55282262
1420 0.27526132 2.60530279
1421 0.23611111 2.61857772
1422 0.25524476 2.63469905
1423 0.30215827 2.66317222
1424 0.21071429 2.32530713
1425 0.20503597 2.32806837
1426 0.20284698 2.30948179
1427 0.22027972 2.30112282
1428 0.19310345 2.30479131
1429 0.18750000 2.28757818
1430 0.19642857 2.31110490
1431 0.19642857 2.31110490
1432 0.19642857 2.31110490
1433 0.19642857 2.31110490
1434 0.19642857 2.31110490
1435 0.19642857 2.31110490
1436 0.19642857 2.31110490
1437 0.19642857 2.31110490
1438 0.19642857 2.31110490
1439 0.19642857 2.31110490
1440 0.19642857 2.31110490