1 -0.04000000 0.92493795
2 -0.04000000 0.92493795
3 -0.04000000 0.92493795
4 -0.04000000 0.92493795
5 -0.04000000 0.92493795
6 -0.04000000 0.92493795
7 -0.04000000 0.92493795
8 -0.04000000 0.92493795
9 -0.04000000 0.92493795
10 -0.04000000 0.92493795
11 -0.04000000 0.92493795
12 -0.05769231 0.93752828
13 0.01960784 1.02937255
14 0.01960784 1.02937255
15 0.00000000 1.03923048
16 -0.04000000 1.00934410
17 -0.06000000 1.01840211
18 -0.04000000 1.00934410
19 -0.08000000 0.96552830
20 -0.04166667 0.92156974
21 -0.02083333 0.95626898
22 0.00000000 0.94760708
23 -0.01960784 0.94847659
24 -0.04081633 0.95653854
25 -0.06000000 0.95639630
26 -0.08510638 0.97422851
27 -0.08000000 0.94415495
28 -0.10000000 0.93131463
29 -0.02000000 0.84491275
30 -0.01960784 0.83642564
31 0.07843137 0.77053585
32 0.07547170 0.75572320
33 0.12000000 0.74614656
34 0.07692308 0.62138851
35 0.09259259 0.62248796
36 0.09090909 0.61682362
37 0.11111111 0.63444127
38 0.11320755 0.64032376
39 0.11111111 0.63444127
40 0.09259259 0.62248796
41 0.09090909 0.61682362
42 0.03636364 0.57618272
43 0.00000000 0.58277152
44 0.01886792 0.57145449
45 0.01818182 0.56078348
46 0.07272727 0.60413837
47 0.11864407 0.78969103
48 0.15517241 0.83354504
49 0.21052632 1.09767355
50 0.27586207 1.19638496
51 0.26315789 1.21781883
52 0.22807018 1.19549069
53 0.23214286 1.20591077
54 0.17543860 1.22653413
55 0.15789474 1.22167148
56 0.17857143 1.25201137
57 0.22222222 1.26888254
58 0.21428571 1.24629321
59 0.23214286 1.23569739
60 0.25454545 1.23555628
61 0.25454545 1.23555628
62 0.25000000 1.22474487
63 0.30357143 1.23464596
64 0.28571429 1.26079752
65 0.40350877 1.38692426
66 0.54385965 1.58193118
67 0.82456140 2.29224474
68 0.88679245 2.33419709
69 0.96296296 2.46456367
70 0.96363636 2.42642578
71 1.00000000 2.51035591
72 1.07272727 2.50816847
73 1.14545455 2.53434323
74 1.10909091 2.56524295
75 1.10909091 2.55801375
76 1.09090909 2.56957070
77 1.10909091 2.57964057
78 1.12500000 2.55173738
79 1.12727273 2.57519899
80 1.07142857 2.57157287
81 1.07017544 2.54852653
82 1.07017544 2.54852653
83 1.10344828 2.53874990
84 1.08771930 2.55846426
85 1.10169492 2.48925217
86 1.03448276 2.45639529
87 0.91228070 2.38507788
88 0.56140351 1.75272791
89 0.50000000 1.70910872
90 0.39655172 1.46226999
91 0.32758621 1.31640034
92 0.24137931 1.08110315
93 0.17241379 0.95766403
94 0.10526316 0.81688018
95 0.08771930 0.87179416
96 0.14035088 0.85437104
97 0.15789474 0.84069431
98 0.10714286 0.75506945
99 0.05357143 0.72412060
100 0.05263158 0.71766120
101 0.07017544 0.70355346
102 0.07017544 0.70355346
103 0.07017544 0.70355346
104 0.00000000 0.60858062
105 0.00000000 0.59761430
106 0.00000000 0.59761430
107 -0.01785714 0.58747755
108 0.00000000 0.59761430
109 0.03508772 0.53334900
110 0.03448276 0.52866987
111 0.01818182 0.52672676
112 0.01886792 0.53674826
113 -0.03773585 0.55339039
114 -0.05660377 0.56890902
115 -0.05555556 0.56356904
116 0.00000000 0.38490018
117 -0.01851852 0.36294086
118 -0.03773585 0.39037773
119 -0.05555556 0.40824829
120 -0.07407407 0.50848839
121 -0.07547170 0.51324970
122 -0.07547170 0.51324970
123 -0.09433962 0.49084507
124 -0.11320755 0.50613077
125 -0.11538462 0.51081811
126 -0.15384615 0.57341821
127 -0.15686275 0.57870715
128 -0.16981132 0.57965006
129 -0.19230769 0.56145684
130 -0.17307692 0.58481282
131 -0.13725490 0.66391589
132 -0.13207547 0.65155836
133 -0.12962963 0.64563253
134 -0.09433962 0.62831126
135 -0.07547170 0.61547532
136 -0.07407407 0.60972780
137 -0.07692308 0.62138851
138 -0.05555556 0.62696233
139 -0.03703704 0.61315648
140 -0.01851852 0.59844896
141 0.00000000 0.51395617
142 0.00000000 0.50917508
143 0.00000000 0.50917508
144 0.00000000 0.51395617
145 0.01851852 0.49490768
146 0.03703704 0.47436006
147 0.07407407 0.38125175
148 0.05555556 0.35906938
149 0.07547170 0.33102734
150 0.07407407 0.32805038
151 0.05555556 0.30198505
152 0.01818182 0.13483997
153 0.01785714 0.13363062
154 -0.01818182 0.30373655
155 -0.01785714 0.30097245
156 -0.01754386 0.29828247
157 -0.01818182 0.30373655
158 -0.01785714 0.30097245
159 -0.05454545 0.29926959
160 -0.05555556 0.30198505
161 -0.05555556 0.30198505
162 -0.05555556 0.30198505
163 -0.03703704 0.33437991
164 -0.03773585 0.33753998
165 -0.07407407 0.42788871
166 -0.07547170 0.43185898
167 -0.07407407 0.42788871
168 -0.07407407 0.42788871
169 -0.07272727 0.42402592
170 -0.05357143 0.44393459
171 -0.05357143 0.44393459
172 -0.05357143 0.44393459
173 -0.05357143 0.44393459
174 -0.05555556 0.45210896
175 -0.03636364 0.38314664
176 -0.03703704 0.38671148
177 -0.03921569 0.39803439
178 -0.03921569 0.39803439
179 -0.04000000 0.40203564
180 0.00000000 0.40406102
181 0.00000000 0.39605902
182 0.00000000 0.39605902
183 0.00000000 0.39605902
184 -0.02000000 0.37742414
185 -0.01960784 0.37364133
186 0.05882353 0.31059715
187 0.09803922 0.41254827
188 0.21153846 0.91472783
189 0.21568627 0.92333581
190 0.29411765 1.06384431
191 0.28000000 1.06980830
192 0.29166667 1.09074118
193 0.26530612 1.09497927
194 0.27659574 1.11710277
195 0.26530612 1.09497927
196 0.28000000 1.06980830
197 0.35294118 1.18022929
198 0.52830189 1.76072290
199 0.52830189 1.76072290
200 0.52830189 1.76072290
201 0.48148148 1.75629048
202 0.48148148 1.75629048
203 0.48148148 1.75629048
204 0.49056604 1.77181612
205 0.47272727 1.74116336
206 0.47272727 1.74116336
207 0.43636364 1.74019620
208 0.39285714 1.71282405
209 0.29090909 1.54767122
210 0.29629630 1.56168305
211 0.25925926 1.49445750
212 0.32727273 1.56411785
213 0.35087719 1.55254662
214 0.45454545 1.64224532
215 0.49122807 1.64883949
216 0.48275862 1.63558433
217 0.49122807 1.64883949
218 0.42857143 1.59381923
219 0.25000000 0.91948602
220 0.23636364 0.94209452
221 0.23214286 0.93402494
222 0.25454545 0.92732554
223 0.27272727 0.93203373
224 0.27272727 0.93203373
225 0.27272727 0.93203373
226 0.27777778 0.94002542
227 0.27272727 0.93203373
228 0.26415094 0.96378547
229 0.20754717 1.06262539
230 0.21153846 1.07259148
231 0.20754717 1.06262539
232 0.17307692 1.04264283
233 0.09803922 0.90010893
234 0.06122449 0.87578925
235 -0.02000000 0.65434186
236 -0.08163265 0.49315036
237 -0.08333333 0.49822380
238 -0.08163265 0.49315036
239 -0.08000000 0.48822879
240 0.00000000 0.76376262
241 0.09803922 0.92206078
242 0.21568627 1.23796164
243 0.21568627 1.23796164
244 0.19607843 1.23320084
245 0.19607843 1.23320084
246 0.21568627 1.23796164
247 0.21568627 1.23796164
248 0.22448980 1.26269068
249 0.24000000 1.23816850
250 0.30000000 1.14731274
251 0.32000000 1.15068746
252 0.31372549 1.14000344
253 0.31372549 1.14000344
254 0.30188679 1.11949346
255 0.29629630 1.10964264
256 0.30188679 1.11949346
257 0.29629630 1.10964264
258 0.30188679 1.11949346
259 0.30188679 1.11949346
260 0.30188679 1.11949346
261 0.23076923 1.00225989
262 0.15384615 0.84909676
263 0.03846154 0.19418391
264 0.03846154 0.19418391
265 0.03846154 0.19418391
266 0.03846154 0.19418391
267 0.01923077 0.13867505
268 0.01886792 0.13736056
269 0.00000000 0.19425717
270 0.00000000 0.19245009
271 0.00000000 0.19611614
272 0.00000000 0.19425717
273 -0.01886792 0.23943572
274 -0.01851852 0.23718003
275 0.01923077 0.36997004
276 0.01923077 0.36997004
277 0.01923077 0.36997004
278 0.01923077 0.36997004
279 0.01923077 0.36997004
280 0.01960784 0.37364133
281 -0.50000000 3.69914496
282 -0.49019608 3.66263593
283 -0.50000000 3.69914496
284 -0.52083333 3.77556299
285 -0.52083333 3.77556299
286 -0.53191489 3.81559195
287 -0.55555556 3.89962443
288 -0.53333333 3.90570678
289 -0.55813953 3.99584502
290 -0.54761905 4.04367848
291 -0.43902439 4.18359164
292 -0.43902439 4.18359164
293 -0.48717949 4.28505232
294 -0.47368421 4.34173239
295 -0.48648649 4.40089399
296 -0.54054054 4.38174619
297 -0.54054054 4.38174619
298 -0.51351351 4.38825213
299 -0.52777778 4.44962991
300 -0.52777778 4.44962991
301 -0.52777778 4.44962991
302 0.20000000 0.86772183
303 0.20000000 0.86772183
304 0.22857143 0.87735278
305 0.23529412 0.88963130
306 0.23529412 0.88963130
307 0.24242424 0.90243778
308 0.20588235 0.91384674
309 0.17647059 0.90354817
310 0.17647059 0.90354817
311 0.17647059 0.90354817
312 0.02941176 0.30002971
313 0.02857143 0.29562638
314 0.02857143 0.29562638
315 0.02857143 0.29562638
316 0.02857143 0.29562638
317 0.02941176 0.30002971
318 0.02941176 0.30002971
319 0.00000000 0.25000000
320 -0.03030303 0.30463590
321 -0.03030303 0.30463590
322 -0.03125000 0.30946103
323 -0.02941176 0.30002971
324 -0.03030303 0.30463590
325 -0.06250000 0.24593469
326 -0.05882353 0.23883257
327 -0.06060606 0.24230584
328 -0.05882353 0.23883257
329 -0.02941176 0.17149859
330 -0.02941176 0.17149859
331 -0.03030303 0.17407766
332 -0.03030303 0.17407766
333 -0.03030303 0.17407766
334 -0.03030303 0.17407766
335 -0.02941176 0.17149859
336 -0.02857143 0.16903085
337 -0.02941176 0.17149859
338 -0.02857143 0.16903085
339 0.00000000 0.24618298
340 0.00000000 0.24253563
341 0.02857143 0.16903085
342 0.02857143 0.16903085
343 0.02857143 0.16903085
344 0.03030303 0.17407766
345 0.02941176 0.17149859
346 0.00000000 0.24253563
347 0.02857143 0.29562638
348 0.05555556 0.33333333
349 0.05714286 0.33806170
350 0.05882353 0.34299717
351 0.08571429 0.37349136
352 0.08333333 0.36839420
353 0.08571429 0.37349136
354 0.08823529 0.37880570
355 0.08823529 0.37880570
356 0.11764706 0.40933841
357 0.11764706 0.40933841
358 0.11428571 0.40376380
359 0.14285714 0.42996971
360 0.11111111 0.39840954
361 0.11111111 0.39840954
362 0.11111111 0.39840954
363 0.11428571 0.40376380
364 0.11428571 0.40376380
365 0.13888889 0.42445109
366 0.13888889 0.42445109
367 0.19444444 0.40138649
368 0.16666667 0.37796447
369 0.13888889 0.35073619
370 0.13513514 0.34658350
371 0.13888889 0.35073619
372 0.11428571 0.32280285
373 0.08333333 0.36839420
374 0.08108108 0.36349984
375 0.10526316 0.38830705
376 0.13157895 0.41401479
377 0.10526316 0.38830705
378 0.08108108 0.43322937
379 0.05405405 0.46820852
380 0.05263158 0.46192128
381 0.05405405 0.46820852
382 0.05405405 0.46820852
383 0.10810811 0.56685212
384 0.10810811 0.56685212
385 0.10810811 0.56685212
386 0.10810811 0.56685212
387 0.10810811 0.56685212
388 0.16216216 0.72699968
389 0.21052632 0.77661409
390 0.22222222 0.79681907
391 0.16666667 0.84515425
392 0.15789474 0.82285974
393 0.23684211 0.94251563
394 0.26315789 0.92075793
395 0.29729730 0.93881914
396 0.33333333 0.98561076
397 0.33333333 0.98561076
398 0.33333333 0.98561076
399 0.37837838 0.95310462
400 0.41666667 0.93732141
401 0.40000000 0.94557794
402 0.36111111 0.96073715
403 0.36111111 0.96073715
404 0.30555556 0.92023116
405 0.27777778 0.94449113
406 0.27027027 0.93239979
407 0.27777778 0.94449113
408 0.27027027 0.93239979
409 0.19444444 0.82182530
410 0.14285714 0.77242388
411 0.13513514 0.75137512
412 0.16216216 0.72699968
413 0.16666667 0.73678840
414 0.11111111 0.57459440
415 0.11111111 0.62233559
416 0.18421053 0.72987460
417 0.13513514 0.67338953
418 0.11111111 0.66666667
419 0.14285714 0.69209219
420 0.08571429 0.70173854
421 0.08823529 0.71213069
422 0.11764706 0.72883077
423 0.20588235 0.72944195
424 0.17647059 0.75761141
425 0.14705882 0.78363384
426 0.17142857 0.74698273
427 0.20000000 0.75925660
428 0.20000000 0.75925660
429 0.21212121 0.78092796
430 0.20588235 0.76986468
431 0.18181818 0.80833724
432 0.18181818 0.80833724
433 0.21212121 0.78092796
434 0.14705882 0.85749293
435 0.09090909 0.87904907
436 0.09375000 0.85607412
437 -0.06451613 0.72734604
438 -0.06060606 0.74747048
439 -0.05882353 0.73613143
440 -0.05714286 0.72529333
441 -0.20000000 0.99410024
442 -0.18918919 0.96717911
443 -0.27027027 0.99019214
444 -0.34285714 0.96840855
445 -0.28571429 0.98731450
446 -0.27272727 1.00848672
447 -0.45454545 1.30122320
448 -0.53125000 1.29476302
449 -0.56250000 1.26841277
450 -0.54545455 1.27698153
451 -0.60606061 1.47773885
452 -0.57575758 1.47966008
453 -0.72727273 1.58651992
454 -0.75000000 1.60643866
455 -0.57575758 1.65888334
456 -0.63636364 1.71059532
457 -0.82352941 1.81693362
458 -0.84848485 1.83917801
459 -1.03030303 1.89546908
460 -1.09375000 1.90685309
461 -1.12500000 1.89651633
462 -1.03225806 1.87054129
463 -1.03225806 1.87054129
464 -1.06451613 1.86074329
465 -0.93939394 1.88645491
466 -0.94117647 1.85768146
467 -1.00000000 1.86295148
468 -0.97142857 1.77375829
469 -0.94444444 1.75571629
470 -1.00000000 1.73205081
471 -1.08333333 1.72998761
472 -1.07894737 1.58338636
473 -1.15789474 1.60280693
474 -1.08108108 1.55238845
475 -1.07894737 1.53132303
476 -1.23684211 1.44136217
477 -1.34210526 1.69699760
478 -1.24324324 1.63987475
479 -1.18421053 1.64160869
480 -1.00000000 1.64398987
481 -1.00000000 1.64398987
482 -1.07894737 1.61716433
483 -1.05405405 1.63207342
484 -1.13513514 1.61867851
485 -1.21621622 1.73421668
486 -1.29729730 1.64763913
487 -1.36111111 1.62397709
488 -1.32432432 1.61682223
489 -1.29729730 1.66441289
490 -1.43243243 1.70848439
491 -1.38888889 1.74483364
492 -1.40540541 1.72336008
493 -1.38235294 1.79248779
494 -1.44444444 1.90404749
495 -1.47222222 1.90467262
496 -1.54285714 1.91500049
497 -1.60606061 1.91929990
498 -1.45454545 1.66002464
499 -1.38235294 1.65171547
500 -1.31428571 1.67633053
501 -1.38235294 1.61460579
502 -1.45714286 1.61505522
503 -1.47058824 1.63735363
504 -1.30555556 1.73731228
505 -1.31428571 1.76187448
506 -1.17647059 1.67821312
507 -1.26470588 1.67528964
508 -1.20588235 1.71939756
509 -1.18750000 1.73088640
510 -1.09375000 1.65313729
511 -0.90625000 1.59352268
512 -0.93548387 1.61111729
513 -0.93333333 1.65952493
514 -0.90322581 1.64022028
515 -0.66666667 1.37297395
516 -0.60000000 1.35443079
517 -0.48387097 1.38734681
518 -0.37500000 1.36192463
519 -0.36363636 1.34206422
520 -0.33333333 1.42886902
521 -0.40000000 1.47624874
522 -0.41935484 1.45543106
523 -0.26666667 1.36289077
524 -0.20000000 1.32352716
525 -0.36666667 1.24522075
526 -0.29032258 1.21637572
527 -0.18750000 1.28106558
528 -0.21875000 1.47526652
529 -0.25000000 1.45912037
530 -0.23529412 1.41547344
531 -0.36111111 1.51474237
532 -0.38235294 1.53770206
533 -0.38888889 1.49814700
534 -0.30555556 1.43067306
535 -0.27777778 1.44639673
536 -0.32432432 1.41527489
537 -0.35135135 1.41845409
538 -0.38888889 1.37898053
539 -0.44117647 1.39677500
540 -0.38235294 1.37101391
541 -0.32352941 1.31933381
542 -0.28571429 1.31889946
543 -0.28571429 1.36277029
544 -0.33333333 1.37321312
545 -0.33333333 1.37321312
546 -0.25000000 1.38099343
547 -0.22222222 1.37552299
548 -0.30555556 1.32706862
549 -0.14285714 1.08851915
550 -0.11428571 1.10537267
551 -0.11428571 1.10537267
552 0.00000000 0.95038193
553 0.05714286 0.93754552
554 0.14705882 0.98879642
555 0.14285714 0.97446387
556 0.05714286 0.96840855
557 0.12121212 0.96038976
558 0.05882353 1.01328079
559 0.08823529 1.02595549
560 0.08333333 1.02469508
561 0.08333333 1.02469508
562 0.02777778 1.02778850
563 -0.05405405 1.02593984
564 -0.02777778 0.97059955
565 0.02857143 0.92309308
566 0.00000000 0.92582010
567 -0.02777778 0.90982294
568 -0.05555556 0.89265077
569 -0.05714286 0.87255059
570 -0.08571429 0.85307156
571 -0.11428571 0.83212798
572 -0.08571429 0.85307156
573 -0.05555556 0.79082035
574 -0.11428571 0.75814901
575 -0.13888889 0.68254891
576 0.30555556 2.77560232
577 0.34285714 2.80695415
578 0.31428571 2.81562268
579 0.42424242 2.86171171
580 0.42424242 2.86171171
581 0.43750000 2.89535223
582 0.46666667 2.99117476
583 0.43333333 2.99059829
584 0.53571429 3.07296627
585 0.57142857 3.07232053
586 0.57142857 3.07232053
587 0.62962963 3.11507684
588 0.65384615 3.17417464
589 0.72000000 3.23419233
590 0.72000000 3.23419233
591 0.80000000 3.24037035
592 0.70833333 3.39410187
593 0.72727273 3.54806209
594 0.80952381 3.61412573
595 0.80000000 3.72191236
596 0.84210526 3.81900449
597 0.00000000 1.05409255
598 0.00000000 1.08465229
599 0.05882353 1.08803655
600 0.05555556 1.05564155
601 -0.05555556 1.05564155
602 0.00000000 1.08465229
603 0.10526316 1.14962491
604 0.17647059 1.18507880
605 0.05555556 1.25895485
606 0.00000000 1.27475488
607 0.05882353 1.29762226
608 0.06250000 1.34008706
609 0.06666667 1.38701461
610 -0.06666667 1.38701461
611 0.00000000 1.41421356
612 -0.06250000 1.28937970
613 0.13333333 1.06009883
614 0.06250000 1.06262254
615 0.06250000 1.06262254
616 0.18750000 1.04682058
617 0.06250000 1.06262254
618 0.13333333 1.12546287
619 0.06250000 1.12361025
620 0.05882353 1.08803655
621 -0.05882353 1.19742371
622 0.00000000 1.21106014
623 0.00000000 1.21106014
624 -0.18750000 1.10867789
625 -0.18750000 1.10867789
626 -0.06250000 0.99791449
627 -0.06250000 0.99791449
628 -0.06250000 0.99791449
629 -0.11764706 0.99261983
630 -0.05555556 0.99836468
631 0.00000000 1.00000000
632 0.11764706 1.21872643
633 0.25000000 1.43759058
634 0.16666667 1.38266580
635 0.21052632 1.31567251
636 0.20000000 1.32188064
637 0.19047619 1.28914885
638 0.27272727 1.24142078
639 0.21739130 1.20440561
640 0.20833333 1.17876747
641 0.16000000 1.17898261
642 0.15384615 1.15558843
643 0.07142857 1.18410996
644 0.00000000 1.16496475
645 0.06896552 1.16284855
646 0.03225806 1.13970379
647 0.00000000 1.19136679
648 -0.02941176 1.16736674
649 0.05555556 1.24083945
650 0.08571429 1.24549609
651 0.05714286 1.23533413
652 0.02777778 1.23024065
653 0.00000000 1.17108009
654 -0.13513514 1.05835727
655 -0.19444444 1.16666667
656 -0.14285714 1.24008674
657 -0.28571429 1.34101429
658 -0.37142857 1.35224681
659 -0.42857143 1.33473316
660 -0.42857143 1.33473316
661 -0.45714286 1.35782822
662 -0.42857143 1.37810002
663 -0.34285714 1.37076314
664 -0.31428571 1.34539364
665 -0.28571429 1.36277029
666 -0.30555556 1.34842648
667 -0.28571429 1.36277029
668 -0.22857143 1.33031872
669 -0.20588235 1.34343323
670 -0.30303030 1.23705417
671 -0.28571429 1.22645900
672 -0.25000000 1.22765747
673 -0.21621622 1.20496969
674 -0.32432432 1.17978468
675 -0.28571429 1.20223881
676 -0.16666667 1.10840941
677 -0.18918919 1.04981051
678 -0.05405405 0.88021291
679 0.02702703 0.83288276
680 0.10810811 0.84273970
681 0.05405405 0.88021291
682 0.10810811 0.84273970
683 0.18918919 0.87679460
684 0.23684211 0.91339020
685 0.28947368 0.89768154
686 0.23076923 0.90208934
687 0.20512821 0.89382346
688 0.17073171 0.94610885
689 0.11904762 1.06387192
690 0.09090909 1.13748359
691 0.09090909 1.13748359
692 0.17777778 1.17335744
693 0.21739130 1.22769963
694 0.26086957 1.25494192
695 0.27083333 1.19821824
696 0.23529412 1.17623527
697 0.19230769 1.17220191
698 0.15094340 1.16678761
699 0.16981132 1.17237184
700 0.09259259 1.20170505
701 0.08928571 1.17978096
702 0.12500000 1.16091657
703 0.19298246 1.17166848
704 0.15789474 1.14625903
705 0.10526316 1.16011407
706 0.05172414 1.22004334
707 0.12068966 1.22942843
708 0.18644068 1.26592717
709 0.23333333 1.38229319
710 0.24137931 1.34177605
711 0.30357143 1.32005018
712 0.21052632 1.35931761
713 0.08620690 1.36734450
714 0.05263158 1.35516278
715 0.00000000 1.36277029
716 -0.01754386 1.42040271
717 0.03571429 1.45182375
718 0.10714286 1.54541635
719 0.12500000 1.53815119
720 0.17543860 1.54830330
721 0.18965517 1.51549768
722 0.16071429 1.53477017
723 0.14285714 1.54247229
724 0.08771930 1.52690983
725 0.07142857 1.53572184
726 0.07142857 1.51185789
727 0.07142857 1.53572184
728 0.07142857 1.52383658
729 0.07142857 1.49978353
730 0.05454545 1.37999170
731 0.10526316 1.45999279
732 0.00000000 1.49712368
733 0.05000000 1.45468268
734 0.22413793 1.68630296
735 0.18965517 1.69060247
736 0.23728814 1.67475148
737 0.29824561 1.64712859
738 0.32758621 1.63715555
739 0.32758621 1.56034107
740 0.38596491 1.61194632
741 0.32142857 1.61928315
742 0.36363636 1.62576064
743 0.38596491 1.60082999
744 0.41071429 1.60427594
745 0.38181818 1.60428719
746 0.48214286 1.66232117
747 0.42857143 1.71471856
748 0.57142857 1.70408219
749 0.57142857 1.71471856
750 0.49090909 1.74135672
751 0.36363636 1.83952124
752 0.37037037 1.78353366
753 0.41509434 1.72575471
754 0.46000000 1.76369279
755 0.37254902 1.49613882
756 0.42307692 1.44637686
757 0.39215686 1.44330775
758 0.40384615 1.43157140
759 0.26923077 1.48344306
760 0.15384615 1.58898926
761 0.15384615 1.58898926
762 0.19230769 1.59703723
763 0.19230769 1.58471203
764 0.11764706 1.62045745
765 0.00000000 1.67561699
766 0.01960784 1.70282349
767 0.01923077 1.65079167
768 -0.01923077 1.74322649
769 -0.23529412 1.72728961
770 -0.39215686 1.75588646
771 -0.38461538 1.73943699
772 -0.33333333 1.69312335
773 -0.30769231 1.67494175
774 -0.25000000 1.67887684
775 -0.20754717 1.69113629
776 -0.20754717 1.71372840
777 -0.32075472 1.74061864
778 -0.46296296 1.80891882
779 -0.54545455 1.78282113
780 -0.56363636 1.78225446
781 -0.50943396 1.74997408
782 -0.51851852 1.71277928
783 -0.54545455 1.70856429
784 -0.52727273 1.74116336
785 -0.54545455 1.76192426
786 -0.42592593 1.74401242
787 -0.46428571 1.74735422
788 -0.67272727 1.70026736
789 -0.57407407 1.62064338
790 -0.53703704 1.58665381
791 -0.49056604 1.58869372
792 -0.44444444 1.60971891
793 -0.31481481 1.66907583
794 -0.35849057 1.66519044
795 -0.35849057 1.66519044
796 -0.43396226 1.64678514
797 -0.49056604 1.57654249
798 -0.45283019 1.65907803
799 -0.32692308 1.56832812
800 -0.25000000 1.58268821
801 -0.15686275 1.55399548
802 -0.20754717 1.52364051
803 -0.26923077 1.49660249
804 -0.21153846 1.48636335
805 -0.23076923 1.45002210
806 -0.20754717 1.41908002
807 -0.13461538 1.59691917
808 -0.09803922 1.59065901
809 -0.05882353 1.54158055
810 -0.12962963 1.54243493
811 -0.07547170 1.50446843
812 -0.05555556 1.44609646
813 -0.03773585 1.50591480
814 -0.18867925 1.48137934
815 -0.15094340 1.53668257
816 -0.24074074 1.60112207
817 -0.20370370 1.59456186
818 -0.21153846 1.62500725
819 -0.21153846 1.49949715
820 -0.18867925 1.49430462
821 -0.28301887 1.51120633
822 -0.29629630 1.50005823
823 -0.20370370 1.53425822
824 -0.07272727 1.59692465
825 -0.09259259 1.60504533
826 -0.20370370 1.69771911
827 -0.19230769 1.70395689
828 -0.18518519 1.60275793
829 -0.18181818 1.57634022
830 -0.14814815 1.57105189
831 -0.09615385 1.56254713
832 -0.13207547 1.56939155
833 -0.07547170 1.57930190
834 -0.07547170 1.51719702
835 0.00000000 1.46759877
836 0.00000000 1.45368757
837 0.03703704 1.35928620
838 0.14814815 1.57105189
839 0.14285714 1.57743833
840 0.19642857 1.61154520
841 0.16071429 1.63792314
842 0.23636364 1.58655971
843 0.24074074 1.63609274
844 0.14814815 1.62999488
845 0.01886792 1.58709418
846 -0.09259259 1.65139756
847 0.01851852 1.54786208
848 0.01851852 1.54786208
849 -0.11320755 1.50205471
850 -0.09433962 1.53502883
851 -0.08928571 1.49273131
852 -0.07142857 1.48761118
853 0.05263158 1.55173926
854 0.07142857 1.55922058
855 0.05357143 1.57733542
856 0.01754386 1.57538236
857 0.00000000 1.53529895
858 -0.01754386 1.62008849
859 -0.08771930 1.43029345
860 -0.07142857 1.41237573
861 -0.16071429 1.39839890
862 -0.16071429 1.37214876
863 -0.15789474 1.39884485
864 -0.15789474 1.36000885
865 -0.07142857 1.39944330
866 -0.07017544 1.38692426
867 -0.01818182 1.29801714
868 -0.05454545 1.31117959
869 -0.01818182 1.31220636
870 0.01785714 1.28616514
871 0.07272727 1.27445770
872 0.14814815 1.33751963
873 0.11320755 1.35391707
874 -0.01923077 1.32087886
875 -0.07692308 1.31128068
876 -0.11538462 1.30840190
877 -0.05769231 1.30479450
878 -0.07547170 1.29865399
879 -0.03846154 1.18754217
880 0.03846154 1.31300491
881 0.05660377 1.39249492
882 0.13207547 1.34504412
883 0.24074074 1.34494420
884 0.22641509 1.32493119
885 0.25454545 1.35014652
886 0.23636364 1.34665066
887 0.27272727 1.36699922
888 0.26315789 1.40821969
889 0.25000000 1.44285071
890 0.13793103 1.59437912
891 0.10526316 1.61116873
892 0.03448276 1.57797913
893 0.00000000 1.54688627
894 0.08620690 1.57038919
895 0.17241379 1.53483448
896 0.15517241 1.55373601
897 0.17857143 1.55045029
898 0.19642857 1.65605932
899 0.23214286 1.65134734
900 0.21428571 1.67021268
901 0.08620690 1.55917750
902 0.07017544 1.49832822
903 0.06896552 1.48515542
904 0.01818182 1.49679793
905 0.03636364 1.50263517
906 0.03703704 1.46613293
907 -0.03636364 1.43969694
908 0.01851852 1.48566408
909 0.03703704 1.42700323
910 0.07272727 1.41230761
911 0.20370370 1.23440658
912 0.27777778 1.21959886
913 0.29629630 1.31220152
914 0.36363636 1.35214009
915 0.32075472 1.34126211
916 0.33333333 1.45368757
917 0.43636364 1.43712208
918 0.43859649 1.41443507
919 0.47368421 1.33771211
920 0.44642857 1.36074369
921 0.56896552 1.35221805
922 0.57142857 1.42519081
923 0.53571429 1.43924583
924 0.55357143 1.42598792
925 0.64912281 1.54100185
926 0.73684211 1.56440673
927 0.66666667 1.60727513
928 0.64912281 1.65282473
929 0.57142857 1.64987209
930 0.60714286 1.65889965
931 0.67857143 1.65262483
932 0.62068966 1.63113980
933 0.61403509 1.64484461
934 0.64285714 1.60032464
935 0.56140351 1.60376281
936 0.51724138 1.62482257
937 0.50000000 1.52465124
938 0.41379310 1.53365156
939 0.41379310 1.52216931
940 0.42105263 1.52300652
941 0.42105263 1.52300652
942 0.32727273 1.50375512
943 0.46428571 1.76804243
944 0.50000000 1.75809815
945 0.50909091 1.77297331
946 0.33928571 1.66544327
947 0.24561404 1.59553732
948 0.31578947 1.62742012
949 0.38596491 1.58963592
950 0.43103448 1.57960765
951 0.40350877 1.61311200
952 0.35714286 1.58892269
953 0.39622642 1.64480093
954 0.43636364 1.69709595
955 0.37500000 1.67942090
956 0.49090909 1.71995615
957 0.51785714 1.69481639
958 0.51785714 1.71613807
959 0.49122807 1.71258792
960 0.56363636 1.77183350
961 0.44642857 2.00834299
962 0.37500000 2.03212831
963 0.36842105 2.04093448
964 0.31578947 1.79441489
965 0.41379310 1.89213036
966 0.43103448 1.92956744
967 0.48275862 1.90328782
968 0.45614035 1.93713868
969 0.42857143 1.98958326
970 0.39285714 1.99707578
971 0.39285714 2.06862775
972 0.33333333 2.06443812
973 0.42105263 2.15429279
974 0.38596491 2.14438125
975 0.26315789 2.20815304
976 0.35087719 2.20786927
977 0.10526316 2.28882542
978 0.14285714 2.35432732
979 0.14285714 2.35432732
980 0.20000000 2.36016321
981 0.15789474 2.28964652
982 0.22807018 2.12146802
983 0.42105263 2.19534710
984 0.43859649 2.17959321
985 0.35087719 2.19976645
986 0.24561404 2.11525667
987 0.17543860 2.10545895
988 0.31578947 2.26902980
989 0.43859649 2.69269875
990 0.43859649 2.63233698
991 0.50000000 2.63542303
992 0.46428571 2.63517662
993 0.53703704 2.64013267
994 0.49090909 2.56668634
995 0.57142857 2.58567482
996 0.63636364 2.51928588
997 0.59259259 2.56624326
998 0.81481481 2.42684728
999 0.77777778 2.37650978
1000 0.77777778 2.35257119
1001 0.85185185 2.46030683
1002 0.81132075 2.57246218
1003 0.83333333 2.56794463
1004 0.76923077 2.56381597
1005 0.86538462 2.61240514
1006 1.05882353 2.63371802
1007 1.10000000 2.64382222
1008 1.16000000 2.61362209
1009 1.06122449 2.54466896
1010 1.01960784 2.02474883
1011 1.07843137 2.01834722
1012 1.07692308 2.02771149
1013 1.11538462 1.92663321
1014 1.11111111 1.94903621
1015 1.05660377 1.96522747
1016 1.01886792 1.90637156
1017 1.25925926 2.07578296
1018 1.30188679 2.04361017
1019 1.39622642 2.09706409
1020 1.40384615 2.11678275
1021 1.44230769 2.17303855
1022 1.44230769 2.08085071
1023 1.49090909 1.92327582
1024 1.52941176 1.90108328
1025 1.47169811 1.92757095
1026 1.28846154 2.13593474
1027 1.19607843 2.08824910
1028 0.75471698 2.99297678
1029 0.80392157 3.03986584
1030 0.96226415 3.18024107
1031 0.88235294 3.22271351
1032 0.72549020 3.29896003
1033 0.74509804 3.31567874
1034 0.65384615 3.33657459
1035 0.52941176 3.46036380
1036 0.36538462 3.57018617
1037 0.26923077 3.61974641
1038 -0.09615385 3.45990828
1039 -0.09259259 3.44371738
1040 -0.33333333 3.33081666
1041 -0.30357143 3.30244891
1042 -0.28070175 3.32068402
1043 -0.46428571 3.35187484
1044 -0.56603774 3.46692856
1045 -0.66071429 3.39666567
1046 -0.83928571 3.49429033
1047 -0.80357143 3.48200383
1048 -0.84482759 3.43256706
1049 -0.37500000 3.13666007
1050 -0.40350877 3.09873044
1051 -0.58928571 2.85896857
1052 -0.52631579 2.86047738
1053 -0.52631579 2.88534018
1054 -0.77192982 3.00605071
1055 -0.66666667 3.04333777
1056 -0.54385965 2.96449330
1057 -0.32142857 2.91146413
1058 -0.17543860 2.97082725
1059 -0.14285714 2.97522235
1060 -0.12500000 2.93606106
1061 -0.12500000 2.95458042
1062 -0.17857143 2.92392726
1063 -0.33333333 2.85498571
1064 -0.18181818 2.77616115
1065 -0.14545455 2.71087099
1066 -0.03703704 2.69844793
1067 0.24074074 2.56195080
1068 0.30188679 2.46970028
1069 0.39622642 2.42058180
1070 0.26415094 2.29674471
1071 0.35185185 2.29155470
1072 0.35185185 2.31612402
1073 0.31481481 2.32966168
1074 0.43396226 2.23184499
1075 0.76923077 1.98637896
1076 0.72549020 1.93988073
1077 0.67307692 1.93746503
1078 0.50943396 2.04396524
1079 0.15384615 2.57731138
1080 0.23076923 2.54076864
1081 0.22000000 2.57372913
1082 0.36734694 2.61162368
1083 0.45833333 2.75185302
1084 0.43750000 2.75917232
1085 0.33333333 2.80829571
1086 0.20408163 2.79120338
1087 0.30612245 2.79287846
1088 0.18750000 2.71838696
1089 0.20000000 2.77010278
1090 0.16326531 2.79394389
1091 0.04081633 2.79105105
1092 -0.06122449 2.78693502
1093 -0.16326531 2.77148380
1094 -0.10204082 2.82285979
1095 -0.06122449 2.85342019
1096 -0.15686275 2.70830241
1097 -0.18000000 2.73070223
1098 -0.08163265 2.84924504
1099 -0.10204082 2.82285979
1100 0.28571429 2.28217732
1101 0.10204082 2.44305903
1102 0.04000000 2.43243390
1103 -0.05882353 2.42001458
1104 -0.15384615 2.26987618
1105 -0.05660377 2.25674284
1106 0.01886792 2.24885070
1107 0.07547170 2.25191420
1108 -0.03703704 2.23997105
1109 0.01818182 2.27295622
1110 0.01818182 2.25660273
1111 -0.14545455 2.42989241
1112 -0.14285714 2.40021644
1113 -0.21428571 2.38719528
1114 -0.03636364 2.49416828
1115 -0.01818182 2.48320961
1116 -0.21428571 2.64722349
1117 -0.35185185 2.72069225
1118 -0.38181818 2.69767327
1119 -0.55357143 2.61408522
1120 -0.54545455 2.61631761
1121 -0.69811321 2.56893352
1122 -0.52727273 2.45594174
1123 -0.51851852 2.47051091
1124 -0.59615385 2.49123653
1125 -0.56862745 2.52392474
1126 -0.58823529 2.53121687
1127 -0.64000000 2.52949943
1128 -0.60416667 2.60718796
1129 -0.61702128 2.60061190
1130 -0.58695652 2.76948521
1131 -0.59090909 2.74766863
1132 -0.46666667 2.59019129
1133 -0.46666667 2.64231304
1134 -0.28888889 2.74377164
1135 -0.37777778 2.69923296
1136 -0.48837209 2.66701271
1137 -0.16279070 2.64512339
1138 -0.04545455 2.53307925
1139 0.06666667 2.51721347
1140 0.22222222 2.47614885
1141 0.26086957 2.40771706
1142 0.37500000 2.38456919
1143 0.53191489 2.51820384
1144 0.56521739 2.53554442
1145 0.50000000 2.48399130
1146 0.56250000 2.45734894
1147 0.62500000 2.57339084
1148 0.56250000 2.57571515
1149 0.56000000 2.63539487
1150 0.56000000 2.64312740
1151 0.41176471 2.50740081
1152 0.30769231 2.54788233
1153 0.36538462 2.52072855
1154 0.40384615 2.52252298
1155 0.36538462 2.48153057
1156 0.20754717 2.40479082
1157 0.27272727 2.39176477
1158 0.14814815 2.22682961
1159 0.09433962 2.29769241
1160 0.03846154 2.30056718
1161 0.01923077 2.46934448
1162 0.07843137 2.48871965
1163 -0.07843137 2.46449295
1164 -0.26000000 2.33701362
1165 -0.26415094 2.27148666
1166 -0.05660377 2.26524828
1167 -0.03703704 2.28169883
1168 -0.03773585 2.17469949
1169 -0.07407407 2.17057380
1170 -0.11111111 2.01566195
1171 -0.11111111 2.01566195
1172 -0.09259259 2.03060098
1173 0.00000000 1.99036139
1174 -0.01851852 1.97618597
1175 0.01886792 1.89625710
1176 -0.16981132 1.93883241
1177 -0.14814815 1.98491868
1178 -0.01886792 2.34102678
1179 -0.07407407 2.35405593
1180 0.05555556 2.32635975
1181 0.01851852 2.40667892
1182 0.01851852 2.28605899
1183 -0.05555556 2.30189968
1184 0.00000000 2.29548051
1185 -0.09433962 2.47498369
1186 -0.03773585 2.49586014
1187 -0.13461538 2.48941954
1188 -0.15384615 2.50007541
1189 -0.32075472 2.46337468
1190 -0.16981132 2.47864610
1191 -0.11320755 2.53180065
1192 -0.05769231 2.54692018
1193 -0.03846154 2.48888934
1194 -0.11320755 2.46249074
1195 -0.01960784 2.50990196
1196 -0.09615385 2.51473786
1197 0.10000000 2.49284691
1198 0.20833333 2.46644143
1199 -0.14285714 2.19848433
1200 -0.08163265 2.17788826
1201 -0.24489796 2.16535806
1202 -0.24000000 2.09528138
1203 -0.32000000 2.03479929
1204 -0.30769231 2.02473394
1205 -0.27450980 2.05015542
1206 -0.13461538 1.80444817
1207 -0.22000000 1.82152661
1208 -0.40000000 2.02030509
1209 -0.48979592 1.95919253
1210 -0.41666667 1.96602346
1211 -0.45833333 1.91253795
1212 -0.60416667 1.80707338
1213 -0.64000000 1.80430325
1214 -0.77551020 1.85141057
1215 -0.75510204 1.84312475
1216 -0.87755102 1.78690437
1217 -0.95833333 1.86750868
1218 -1.00000000 1.82185316
1219 -1.08333333 1.77252474
1220 -1.00000000 1.66811531
1221 -0.89361702 1.85605991
1222 -0.75000000 1.87366974
1223 -0.68085106 1.92361054
1224 -0.38297872 2.74696031
1225 -0.13043478 2.93339921
1226 -0.04347826 3.02549553
1227 -0.13333333 3.10863899
1228 0.00000000 3.16227766
1229 0.19565217 3.03036166
1230 0.42553191 3.08393228
1231 0.42857143 3.00693643
1232 0.41666667 3.06547926
1233 0.54166667 3.05940012
1234 0.63829787 3.07461933
1235 0.70212766 3.00662235
1236 0.79166667 2.99615593
1237 0.67346939 3.05087252
1238 0.75510204 2.97580950
1239 0.71428571 3.00000000
1240 0.74000000 2.94722284
1241 0.61538462 2.97804941
1242 0.58823529 2.94058818
1243 0.49019608 2.99581407
1244 0.41176471 2.98781841
1245 0.20000000 2.39045722
1246 -0.04000000 2.22196824
1247 -0.17307692 2.06484253
1248 -0.05660377 2.02308879
1249 -0.13461538 1.84740248
1250 -0.16666667 1.83004279
1251 -0.31481481 1.63481087
1252 -0.43396226 1.71542139
1253 -0.38461538 1.75067322
1254 -0.53846154 1.70881840
1255 -0.63461538 1.71531562
1256 -0.64814815 1.76076106
1257 -0.94444444 2.01332042
1258 -0.86792453 2.04786696
1259 -0.88461538 2.06420327
1260 -0.88679245 2.04432025
1261 -0.96153846 2.05761654
1262 -0.98000000 2.12362801
1263 -1.05769231 2.06191860
1264 -1.09615385 2.02203174
1265 -1.20370370 2.08661168
1266 -1.27777778 2.08694655
1267 -1.31481481 2.12642027
1268 -1.35849057 2.15811830
1269 -1.33962264 2.14783788
1270 -1.39622642 2.13343009
1271 -1.34615385 2.19522312
1272 -1.39215686 2.19160609
1273 -1.30000000 2.19693664
1274 -1.38000000 2.10819586
1275 -1.41176471 2.18335953
1276 -1.38000000 2.15605460
1277 -1.39583333 2.19030342
1278 -1.12765957 1.94060749
1279 -1.08333333 1.87745112
1280 -0.94000000 1.87801458
1281 -0.88000000 1.89133362
1282 -0.80000000 1.90595201
1283 -0.72549020 1.87700220
1284 -0.74509804 1.86379331
1285 -0.76000000 1.87964391
1286 -0.55102041 1.86034522
1287 -0.42000000 1.83046777
1288 -0.38000000 1.78302655
1289 -0.49019608 1.91177979
1290 -0.52941176 1.89053369
1291 -0.55769231 1.90369570
1292 -0.52830189 1.95727218
1293 -0.58490566 1.98488483
1294 -0.57407407 1.96768087
1295 -0.60000000 1.95883563
1296 -0.45283019 1.86636254
1297 -0.49090909 1.84463915
1298 -0.44642857 1.79817729
1299 -0.54385965 1.76341972
1300 -0.51785714 1.76831786
1301 -0.61818182 1.82057082
1302 -0.58181818 1.84281296
1303 -0.58928571 1.88560852
1304 -0.69642857 1.86761533
1305 -0.64285714 1.89188287
1306 -0.53571429 1.92556283
1307 -0.62500000 1.83464141
1308 -0.67857143 1.86943981
1309 -0.65454545 1.85809721
1310 -0.48148148 1.72376005
1311 -0.59259259 1.77528651
1312 -0.60377358 1.81171002
1313 -0.68627451 1.72615406
1314 -0.66666667 1.73973178
1315 -0.88235294 1.91464941
1316 -0.79245283 1.88474127
1317 -0.86792453 1.86091102
1318 -0.76923077 1.92624174
1319 -0.86538462 1.91002357
1320 -0.84313725 1.92221278
1321 -0.82692308 1.90686226
1322 -0.71698113 1.87470365
1323 -0.74074074 1.83452410
1324 -0.76363636 1.79467975
1325 -0.64150943 1.76607278
1326 -0.59615385 1.75185745
1327 -0.66037736 1.66344633
1328 -0.59615385 1.65990332
1329 -0.60000000 1.61624407
1330 -0.56862745 1.60318311
1331 -0.55769231 1.58934518
1332 -0.44230769 1.51351379
1333 -0.40384615 1.47208822
1334 -0.39622642 1.47204231
1335 -0.39622642 1.41882431
1336 -0.26415094 1.14607933
1337 -0.31372549 1.19147297
1338 -0.29411765 1.17122359
1339 -0.28846154 1.14337887
1340 -0.19607843 1.09580305
1341 -0.15686275 1.10222591
1342 -0.13461538 1.08517363
1343 -0.15686275 1.04637563
1344 -0.19607843 1.03960777
1345 -0.20408163 0.95698293
1346 -0.19607843 1.00039208
1347 -0.26923077 1.06854096
1348 -0.21568627 1.04525070
1349 -0.21153846 1.03538453
1350 -0.14814815 1.10585760
1351 -0.16981132 1.12208338
1352 -0.21153846 1.12609926
1353 -0.21568627 1.13690326
1354 -0.21153846 1.12609926
1355 -0.21153846 1.10855034
1356 -0.15384615 1.10940039
1357 -0.07843137 1.05533193
1358 -0.05769231 1.01775342
1359 -0.05555556 0.99842643
1360 -0.11538462 0.98326878
1361 -0.13207547 0.96152395
1362 -0.13207547 0.94131119
1363 -0.15686275 0.94599258
1364 -0.18000000 0.94090707
1365 -0.12000000 0.93982195
1366 -0.02000000 1.02000400
1367 -0.06000000 0.97750202
1368 0.02000000 0.86873119
1369 0.03921569 0.87087965
1370 0.11764706 0.97256483
1371 0.02000000 0.93655905
1372 0.00000000 0.94760708
1373 -0.02000000 0.97917083
1374 -0.04000000 0.96806139
1375 0.04000000 0.87970310
1376 0.04000000 0.90260394
1377 0.02040816 0.90115195
1378 0.04000000 0.90260394
1379 0.04000000 0.90260394
1380 0.00000000 1.00000000
1381 0.00000000 1.00000000
1382 0.00000000 1.00000000
1383 0.08000000 1.06598618
1384 0.05769231 1.09210108
1385 0.03773585 1.09126363
1386 0.00000000 1.10258164
1387 -0.03773585 1.01833696
1388 0.01886792 1.00938988
1389 -0.07547170 1.07146658
1390 -0.09615385 1.07118434
1391 -0.17647059 0.97377374
1392 -0.01923077 1.11126821
1393 0.05660377 1.16709854
1394 0.18867925 1.31641418
1395 0.27777778 1.37931712
1396 0.29629630 1.39581084
1397 0.29090909 1.36995171
1398 0.26785714 1.36835763
1399 0.25000000 1.37840488
1400 0.26785714 1.36835763
1401 0.27272727 1.43313365
1402 0.29090909 1.43595016
1403 0.23636364 1.55114816
1404 0.12962963 1.55461936
1405 0.17647059 1.57106184
1406 0.19230769 1.65728885
1407 0.13207547 1.69884277
1408 0.11320755 1.69456572
1409 0.09615385 1.70649986
1410 0.19230769 1.65728885
1411 0.20754717 1.64502152
1412 0.21818182 1.61807967
1413 0.18518519 1.62613182
1414 0.14814815 1.57105189
1415 0.01818182 1.42062726
1416 -0.07272727 1.37240726
1417 -0.14545455 1.37999170
1418 -0.10909091 1.39672537
1419 -0.10526316 1.37170658
1420 -0.10909091 1.38340331
1421 -0.10909091 1.38340331
1422 -0.10909091 1.30060851
1423 -0.12280702 1.28271720
1424 -0.08928571 1.17978096
1425 -0.03636364 1.17005281
1426 -0.03571429 1.15937735
1427 -0.03636364 1.03572548
1428 0.05454545 0.95098744
1429 0.03636364 0.96155038
1430 0.03636364 0.96155038
1431 0.03636364 0.96155038
1432 0.03636364 0.96155038
1433 0.03636364 0.96155038
1434 0.03636364 0.96155038
1435 0.03636364 0.96155038
1436 0.03636364 0.96155038
1437 0.03636364 0.96155038
1438 0.03636364 0.96155038
1439 0.03636364 0.96155038
1440 0.03636364 0.96155038